OTUID	Sg.M.HC.1.16S	Sg.M.HC.2.16S	Sg.M.HC.3.16S	Sg.M.HC.10.16S	Sg.M.HC.4.16S	Sg.M.HC.5.16S	Sg.M.HC.6.16S	Sg.M.HC.7.16S	Sg.M.HC.8.16S	Sg.M.HC.9.16S	Sg.M.R.1.16S	Sg.M.R.2.16S	Sg.M.R.3.16S	Sg.M.R.10.16S	Sg.M.R.4.16S	Sg.M.R.5.16S	Sg.M.R.6.16S	Sg.M.R.7.16S	Sg.M.R.8.16S	Sg.M.R.9.16S
c8c201cf669c528f272fad7379a025bb	0	0	0	0	0	0	0	0	0	0	0	0	0	0	0	11	0	0	19	0
fafa4ce975c89cd56e144a9c9fef87de	0	0	0	0	0	0	0	0	0	0	0	0	0	25	0	7	0	0	0	0
e793a5b73b02b30aedfde40dc3a182f1	0	0	0	0	0	0	0	0	0	0	0	100	0	0	0	0	0	0	0	0
8dd8bc46e5dccd1cd39ec5888b89d715	0	0	0	0	0	0	0	0	0	0	0	17	12	28	0	0	0	67	0	12
6a73f683bf96f4ffdd3daca8375c29f9	0	20	0	0	0	0	0	0	0	0	0	0	0	0	0	0	0	0	64	0
24a0a132d22a3a27285f59c0f1aafa4c	0	0	0	0	0	0	0	0	0	0	0	0	0	0	0	0	0	0	0	8
b2ffd37f3c9fe137a46985d36ea7c053	0	0	0	0	0	0	0	0	0	0	0	0	0	0	0	0	0	0	0	0
794393090cfb64ff965da40aae51f9d5	0	0	0	0	0	0	0	0	0	0	0	0	0	31	0	0	0	0	0	0
2e3f176ae8c669fe89c79b560b1c3189	0	38	0	0	0	0	0	0	0	0	31	0	0	0	0	0	0	0	0	0
8fc3f24e0886fc6e560f4f1d9d160d0a	0	0	0	0	0	0	0	0	0	0	0	0	0	0	0	0	143	0	0	0
88ab2cd29ffd1301e72c8be1e99cab8b	0	0	0	0	0	0	0	0	0	0	0	0	0	16	0	0	0	0	0	0
fb3d50dfbf4f31a0e858d084f82adc99	0	0	0	0	0	0	0	0	0	0	0	10	0	40	0	36	32	44	0	0
edc67762ad04bac62d7de872b214bbe7	0	0	0	0	0	0	0	0	0	0	0	0	0	0	0	0	0	0	0	728
090a3fbe82832d8232730978a315fd83	0	0	0	0	0	0	0	0	0	0	0	0	0	0	0	0	0	352	0	0
146ccc7623ff3aa720c05d61125a6bc9	0	0	0	0	0	0	0	0	0	0	0	0	0	0	0	0	0	264	0	0
e6d9fe4bfdd2114788308701911d6a9e	0	0	0	0	0	0	0	0	0	0	0	0	0	0	0	0	0	0	4	0
f0e5d2a5bde61e4bcd25ea452859514d	0	0	0	0	0	0	0	0	0	0	45	0	0	0	0	0	0	0	0	0
7575b9d44ae9b9f482ba28f093027879	0	0	0	0	0	0	0	0	0	0	0	0	0	0	0	0	0	0	0	0
c60cf2a6c2498f32af660492f7517918	0	68	20	0	0	0	0	0	0	0	26	249	28	122	0	0	851	0	17	1328
2356e68432cd80eea65bbce2264e04eb	0	0	0	0	0	0	0	0	0	0	0	0	0	0	0	0	0	0	110	0
526f6d5fa8c65ba7141c0b768195a0a5	0	0	0	0	0	0	0	0	0	0	0	0	0	0	0	0	0	0	0	0
f30fcff7aa05e31a64283dcf83b7ddd8	0	0	0	0	0	0	0	0	0	0	30	152	20	0	0	0	51	0	49	0
706eee6d9933a74492d0f228c5adbaea	0	0	0	0	0	0	0	0	0	0	0	0	0	0	0	0	0	0	0	0
bab4bde0b1dcb8e6d0a09f39951077b5	0	0	0	0	0	0	0	0	0	0	0	0	0	0	0	0	0	0	7	0
522fe79f191b161734f6dae66246dd0f	0	0	0	0	0	0	0	0	0	0	0	0	0	0	0	0	0	0	5	0
4d2db3d4a09e65b6385a74e2105c5097	0	0	0	0	0	0	0	0	0	0	6	0	0	0	0	0	0	0	0	0
dc483423b4652f68eb84087d99ba412e	0	0	0	0	0	0	0	0	0	0	0	0	0	0	0	0	0	0	0	0
071c6331257e5c2840dc073af3f1139e	0	0	0	0	0	0	0	0	0	0	0	32	0	0	0	130	132	160	70	0
d0557af7bb5178c8f3aff798c76c1eff	0	0	0	0	0	0	0	0	0	0	0	0	0	0	0	0	0	0	0	90
e541825ce8b86c18c3108e8dc20a1675	0	0	16	67	0	0	35	0	0	0	0	241	213	1630	0	685	264	0	0	1938
aa40ba3a550577ed8b40f150d7f294f5	0	0	0	0	0	0	0	0	0	0	0	0	0	0	0	0	0	0	0	84
e5c57220db542d1fa35c9e7cf1105a74	0	0	0	0	0	0	0	0	0	0	0	135	0	0	0	30	0	0	0	0
48eba04a4c6ea4f83699ebdc7a48b4dd	0	0	0	0	0	0	0	0	0	0	0	0	0	11	0	0	51	0	13	0
e46b9ceb4c692b5d087a7e8737974fff	0	0	0	0	0	0	0	0	0	0	0	0	0	0	0	0	0	0	0	23
3ccb3cc712e0db60d7f9b06bde056a8a	0	35	0	0	0	0	3	0	0	0	32	29	0	70	0	194	132	387	77	106
c7dc02034f3a4aa4d0f188e420424dfd	0	0	0	0	0	0	0	0	0	0	0	0	0	0	0	28	0	0	0	0
32019c66790172c71844e2b0a681de98	0	32	0	0	0	0	33	0	0	0	34	0	30	0	37	75	196	0	104	636
fc4dbb5563efee17a16dd24301702476	0	0	0	0	0	0	0	0	0	0	0	0	0	0	0	0	0	0	0	0
081cdd12fa6dab662d2b72a582d9b761	0	0	0	0	0	0	0	0	0	0	0	0	0	0	0	0	0	11	0	0
a0e49f9a268a20eb99117bca0a5d0866	0	0	0	0	0	0	0	0	0	0	11	0	0	0	0	18	0	30	30	77
dfefd1601becbc23d361edaeaacc9b13	0	19	0	0	0	0	0	0	0	0	20	0	0	0	0	0	0	0	0	0
1de7c6a74da34f1ec346a5e8f25da477	0	0	0	0	0	0	0	0	0	0	0	0	0	65	0	0	0	0	0	0
5f74826a74efebf84afc4df43c06cc01	0	0	0	0	0	0	0	0	0	0	0	0	0	0	0	91	0	0	0	0
81241964eac9be7a72797115e06e8baa	0	0	0	0	0	0	0	0	0	0	0	0	0	26	0	0	0	0	29	0
cf0528bcf467f1a764ed7caa97055979	0	0	0	0	0	0	0	0	0	0	0	0	0	27	36	32	0	0	0	0
e902a45db3100596435e526a0295478d	0	0	0	0	0	0	0	0	0	0	0	0	0	0	0	0	15	640	0	0
4096d6766b0fdcbaf2b2aa5ceed02cd4	0	0	0	0	0	0	0	0	0	0	0	0	0	0	0	401	0	0	0	0
16c4c6dcf8f6aecc742df79b207beae8	0	0	0	0	0	0	0	0	0	0	0	0	0	0	0	0	0	0	0	0
bc4c2db62ffa3b2bd91450e6c3d09bbf	0	0	0	0	0	0	0	0	0	0	0	0	0	0	0	0	0	0	0	0
ee3ec613cfcb6e74ad505dc202277eea	0	0	0	0	0	0	0	0	0	0	0	0	0	60	0	78	202	0	0	0
c6c3749b461fefb9e7e3625da56d010c	0	0	0	0	0	0	0	0	0	0	0	0	0	15	0	0	0	0	0	0
09ccb9ce8dcc7f7b4f60331015f97686	0	0	0	0	0	0	0	0	0	0	0	0	0	0	0	15	0	0	0	0
0a55ab9827a6d0ebc61bbb4c07ec938c	0	0	0	0	0	0	0	0	0	0	0	0	4	0	0	0	0	0	0	190
bcfcb507786172504987dcf47044c277	0	0	0	0	0	0	0	0	0	0	0	0	0	8	0	0	0	0	0	0
e1ec861fd4fde5be3b1c9e36ebc29cb0	0	0	0	0	0	0	0	0	0	0	0	14	0	0	0	0	0	0	0	0
50fe6207dec5ee65a8e668d944b6faf9	0	0	0	0	0	0	0	0	0	0	0	0	0	0	0	0	0	0	0	0
618b07d29ecdd57b808504bd3f5a6c83	0	0	0	0	0	0	0	0	0	0	0	0	0	0	0	210	0	0	0	0
a9ce14730af6a3bbc15775ac5f539395	0	0	0	0	0	0	0	0	0	0	0	0	0	0	0	0	0	17	0	0
6570dcebd18a2a63e61890541d762546	0	0	0	0	0	0	0	0	0	0	0	0	0	3	0	0	0	0	0	0
d80afeb9fb89348e68fc6d03757da525	0	0	0	0	0	0	0	0	0	0	0	0	0	28	0	0	30	0	0	0
e9092302fb26b621ea095437eec21557	0	0	0	0	0	0	0	0	0	0	0	0	0	0	0	0	0	11	0	0
583229f07ecffe26f713680165a7d577	0	0	0	0	0	0	0	0	0	0	0	0	0	15	0	22	0	0	13	12
95d5c26e5a939615d46e26659e68afcb	0	52	20	16	0	0	43	0	0	0	22	496	201	213	0	351	778	13	176	210
c82870cd9d4730bc71f54e84a677293a	0	0	0	0	0	0	0	0	0	0	0	0	0	132	0	0	0	0	14	0
17d2296cc942354209a747a1252cc6ba	0	0	0	0	0	0	0	0	0	0	6	0	0	0	0	16	0	0	0	0
462e83448fdf7cc3f7b447f093519d8e	0	0	0	0	0	0	0	0	0	0	0	0	0	0	0	0	0	0	0	0
a8eb3e86e896febff5f3e223f84ba94b	0	0	0	0	0	0	90	0	0	0	0	0	0	0	0	0	1554	0	413	0
21e2be827b1668901a7c848343013d23	0	0	0	0	0	0	0	0	0	0	0	0	0	0	0	0	0	0	0	0
b8434e91b093bfbbec4cab80705bb363	0	0	0	0	0	0	0	0	0	0	0	0	0	26	0	0	0	0	0	22
48442b4d6ae7d85b597d423662134c97	0	0	0	0	0	0	0	0	0	0	0	0	0	0	0	0	0	23	0	0
4e44c40ec88103ebb8cf8af36ecf1289	0	0	0	0	0	0	0	0	0	0	0	0	0	0	0	0	0	0	0	0
6b03764ef165ae4741abcd2e8b93cd1a	0	0	0	0	0	0	0	0	0	0	0	0	0	0	0	0	0	0	0	33
475eb8f5607bc77cdc60cd5b7e36a8ff	0	0	0	0	0	0	0	0	0	0	0	0	0	0	0	8	21	45	0	32
f43c56d983a42f7661f4527ef440cdae	0	0	0	0	0	0	0	0	0	0	0	0	0	0	0	0	0	0	0	125
e305e68d82ce28587688e21479664794	0	0	0	0	0	0	0	0	0	0	0	0	0	0	0	0	0	0	0	0
e3e1cce0e179366fa0240d8a8db6c78f	0	0	0	0	0	0	0	0	0	0	0	0	0	0	0	0	0	0	0	5
d987ea00be2d0b7202a3e30053ea4a8f	0	0	0	0	0	0	0	0	0	0	0	0	0	0	0	0	0	0	0	0
4d25c48e77fb8917c80f39b3351603ca	44	0	0	0	0	14	0	0	0	0	0	0	0	0	0	0	0	0	0	0
26df44ea47f9f58e4905d7326f74c2e2	0	0	0	0	0	0	0	0	0	0	0	0	0	0	0	0	0	0	0	0
0bb9c8d305574b3077d05d9c663ca49c	0	0	0	0	0	0	0	0	0	0	0	0	0	0	0	0	0	0	0	0
8d999c682032ed3eb80c97d0f6f81614	0	0	0	0	0	0	0	0	0	0	0	0	0	0	0	0	0	0	0	0
4a9724d292d19c24500e55edd63bc95f	0	38	0	0	0	0	0	0	0	0	55	0	0	0	0	0	0	0	0	0
ede3b1ec368eff139c865bf6c3ae5bff	0	0	0	0	0	0	0	0	0	0	0	0	0	0	0	0	0	0	0	0
e6d4211c886ef09dc5fb9a548b37647d	0	87	0	0	0	0	0	0	0	0	71	0	0	313	10	197	204	1206	101	0
fc34bd79fdad486db4efc09066464bf0	0	0	0	0	0	0	0	0	0	0	0	0	0	0	0	0	0	0	0	0
62874fe53b208362936c4dcee157eec4	0	0	0	0	0	0	0	0	0	0	0	0	0	0	0	251	0	0	49	0
17c2d0ecc8d210a2f48e1d675de70adb	0	7	0	5	0	0	0	0	0	0	10	0	0	43	0	0	20	74	16	9
900df8f4333124df384db9012a905941	0	0	0	331	577	377	2605	0	2005	849	0	0	0	0	1978	0	447	0	94	96
d7588aeeb977c28669ec2683d2143331	0	0	0	0	0	0	0	0	0	0	0	0	0	100	0	0	93	174	0	0
18e75dc941a5259ffc90e22141a67b4f	0	0	0	0	0	0	0	0	0	0	0	0	0	0	0	0	0	13	0	0
cda3d0494eb8bb753c982caa9dac7676	0	0	0	0	0	0	0	0	0	0	0	0	0	0	0	0	0	0	0	126
5f944efd5bd971237c1cce9761d56e2d	0	0	0	0	0	0	0	0	0	0	0	0	0	0	0	0	34	0	0	0
929805da29bce3a9838d81700d0a5770	0	130	31	40	0	11	654	0	8	0	70	136	215	909	30	595	6705	953	786	69
5dcb8be6207a0ee0d9314175ba9b65e8	0	0	0	0	0	0	0	0	0	0	0	0	0	0	0	18	0	0	0	0
f0473e08062b5eb409702ccbc1619f12	0	0	0	0	0	0	0	0	0	0	0	0	0	0	0	0	0	0	0	0
e13530b3591c561175f61a46ccf146de	0	0	0	0	0	0	0	0	0	0	0	0	0	151	0	0	0	0	0	0
35175c044df8ae95f804b7b93b82225f	0	0	0	0	0	0	44	0	0	0	0	0	0	49	0	0	758	158	26	0
4f614c4d867a7c431e21696122280d94	0	0	0	0	0	0	0	0	0	0	0	0	0	0	0	0	8	0	0	0
7b9b79b802f8de25134451c768e4f3bb	0	0	0	0	0	0	0	0	0	0	0	54	55	0	0	0	0	0	37	208
9a44044552ef4b3f57c9c2791535c428	0	7	0	0	0	0	0	0	0	0	7	0	0	0	0	18	0	58	48	0
5d2d4a21d916e214a93e99ff5eaab882	0	0	0	0	0	0	0	0	0	0	0	0	0	31	0	0	0	0	0	0
df348a5cb8d8623f5d78299335880cf1	0	0	0	0	0	0	9	0	0	0	0	0	0	0	0	0	76	0	0	0
4a8530d808c5e21c717060e9dcde047e	0	0	0	0	0	0	0	0	0	0	0	0	0	238	0	0	272	0	0	0
d757664837fdfefb4f89ff86da63cd07	0	0	0	0	0	0	0	0	0	0	0	0	0	0	0	0	0	0	0	45
50cd083aab911d938d1ec95b952e0800	0	0	0	0	0	0	0	0	0	0	0	0	0	0	0	0	0	0	0	0
862d8164effc724deb26e10d80050dfb	0	0	0	0	0	0	0	0	0	0	0	0	0	0	0	0	0	0	0	0
082c4245101ba4c942b8d335889118bb	0	0	0	0	0	0	0	0	0	0	0	0	0	0	0	0	0	0	0	20
e4a269a43bf757dc01030b4a91fc06aa	0	7	0	0	0	0	0	0	0	0	0	0	0	0	0	0	0	0	0	0
ffebd5d85f80640bb464e5d5c6810f38	0	10	0	0	0	0	0	0	0	0	18	0	0	0	0	0	0	0	0	22
850269dc256a49e7911c02d836acf5e2	0	0	0	0	0	0	11	0	0	0	0	0	0	12	0	0	50	0	0	0
1faf2aad9b167eee2f898a335712f8b7	0	0	0	0	0	0	0	0	0	0	0	0	0	0	0	0	0	2244	0	0
121e9db1a1a72edda7b7a2bbc723bf5d	0	0	0	0	0	0	0	0	0	0	0	0	0	0	7	0	0	0	0	0
2801499a120ab69b9a32f66b199a047f	0	0	0	0	0	0	0	0	0	0	0	0	10	0	0	0	0	0	0	0
94befefd58b96b9f30c476dabd6beac5	0	0	0	0	0	0	0	0	0	0	0	0	0	0	0	0	0	0	0	0
a3ec387c4e557381be14dad3d94736f7	0	0	0	0	0	0	0	0	0	0	0	92	0	0	0	0	0	0	0	0
d6a6c2c7402c7746ae8f3c64899b0f7f	0	0	0	0	0	0	0	0	0	0	0	0	0	0	0	0	0	0	0	0
8b5f90f80df6fa698c19de9d98ff845f	0	0	0	0	0	0	0	0	0	0	0	0	0	0	0	13	13	0	0	0
5cf5db27f37f0d012056c44d3633c726	0	0	0	0	0	0	0	0	0	0	0	0	0	0	0	0	36	0	0	0
e6a6a9477e90630b6b9878f80a53626b	0	0	0	0	0	0	0	0	0	0	0	0	0	0	0	0	0	0	0	10
5a354076b2e0c89dd0a223647a43610c	0	0	0	0	0	0	0	0	0	0	0	0	0	11	0	0	0	0	0	0
17e497268176c8833665b4e7e49d4611	0	0	0	0	0	0	0	0	0	0	0	0	0	17	0	0	0	0	0	0
c4c273c066d2747d4e3bf6e93257dfd7	0	0	0	0	0	0	0	0	0	0	0	0	0	0	0	0	0	0	48	0
04a0f8ee3769969d7a09b018cefdda98	0	0	0	0	0	0	0	0	0	0	0	0	0	0	0	0	0	27	0	0
755c13aed61e778e4ca4b61110decc2b	0	0	0	0	0	0	0	0	0	0	0	0	0	0	0	0	0	0	0	0
b900f862c7e018da5ea21a428d6eda09	0	0	0	0	0	0	0	0	0	0	0	0	0	68	0	0	64	127	74	54
1c81489b2c124eaec4ef972bc2d12305	0	0	0	0	0	0	0	0	0	0	0	0	0	0	0	0	0	48	0	0
ad1821c5cb0ae3ba5de9e52f61f5eb3f	0	0	0	0	0	0	11	0	0	0	0	0	0	0	0	0	160	0	0	0
d47f6b7451a78ea404c5783d0b0fdbb9	0	0	0	0	0	0	0	0	0	0	0	0	0	0	0	0	9	34	0	0
19c88c43cefc0efae399898111815666	0	0	0	0	0	0	22	0	0	0	0	0	0	0	0	0	0	0	0	0
427fbb98d599d2ccdb794a4804a68709	0	0	0	0	0	0	0	0	0	0	0	0	0	0	0	0	0	0	0	0
a16986411ff8c5714b2ba245262b5f95	24	105	80	0	0	0	86	0	0	0	77	336	169	349	139	409	2648	1269	670	1236
77840c5a259b4caaeefcc979c6fac208	0	0	0	29	0	0	0	0	0	0	0	0	0	158	0	57	3	0	73	0
e7dda14f2020bb1da5af99886b9c1cfd	0	0	0	0	0	0	0	0	0	0	0	0	0	0	19	0	67	3234	532	0
2d6a998c5847cf7e935552f323c8c886	0	0	0	0	0	0	0	0	0	0	0	0	0	0	0	0	12	10	11	0
88225cc82ff505ea2dd06249eee6354c	0	0	0	0	0	0	0	0	0	0	5	0	0	0	0	0	0	0	0	0
12e2c6e172386c31842cb36a25bea63a	0	0	0	10	0	0	0	0	0	0	0	96	0	167	0	428	0	0	394	0
25d26dffe0bd115d231dc8a8554db8eb	0	0	0	0	0	0	0	0	0	0	0	0	0	0	0	0	0	231	0	0
6571d2b98321f14d47d791a61813bd2f	0	0	0	0	0	0	0	0	0	0	0	0	0	0	0	0	0	2	0	0
2f08b82ec9f4a2ab61dd980df34c305f	0	0	0	0	0	0	0	0	0	0	0	0	0	0	19	0	18	0	0	15
361f536e4ad5d69a887702782590969e	0	0	0	0	0	0	0	0	0	0	0	0	0	13	0	0	0	0	0	0
461b33b0b1e87fa061c2d01d6e86d132	0	0	0	0	0	0	0	0	0	0	0	0	21	0	0	0	0	0	0	0
0e25a8418769d8efc4d0a482ab521480	0	0	0	19	0	0	41	0	0	0	0	0	59	319	0	67	229	0	104	0
cc116408b956f36a3b5dee06f75b77cb	0	0	0	0	0	0	0	0	0	0	0	0	0	0	0	0	0	0	0	0
1d21fe497236e5356dc0aaf5efa0b6ea	0	0	0	0	0	0	0	0	0	0	0	0	0	0	0	0	0	0	0	0
716b22e39b7c0a23c9ae84b3d8d52558	0	0	0	0	0	0	0	0	0	0	0	0	0	0	0	0	0	15	0	0
b7173ea1651f9ffadee9394850962d1e	0	0	0	0	0	0	0	0	0	0	0	0	0	76	0	86	521	0	0	0
f87cb8882fbf7d7409026c717fba6937	0	0	0	0	0	0	0	0	0	0	0	0	0	0	0	0	0	0	0	0
c29e71500c85aa24c58047c7f1b60fc6	0	0	0	0	0	0	0	0	0	0	0	0	0	0	0	0	0	6	0	0
7a2d568e92e5f07a43f7b04a6dc80a6f	0	0	0	0	0	0	0	0	0	0	0	0	0	0	0	0	25	22	0	0
bd66caeb972342f39c8ac509a7e23183	0	0	0	0	0	0	0	0	0	0	0	0	0	0	0	0	0	0	0	0
dede68dbc0661af0f11541605b3b9d5b	0	25	0	0	0	0	0	0	0	0	27	0	0	0	0	174	0	0	59	0
daa6e7690dd8c544d509b643b122f917	0	0	0	0	0	0	0	0	0	0	0	0	0	0	0	0	0	0	0	2
128000c6772cb8e388e7d93205a1bc22	0	0	0	0	0	0	0	0	0	0	0	0	0	0	0	0	0	0	0	0
43cd7316071c4121768c2918c72fc3e8	0	0	0	0	0	0	0	0	0	0	0	23	0	0	0	0	0	0	0	0
991939ee78d521d7e81a1b1ca0d5d593	0	0	0	0	0	0	0	0	0	0	0	0	0	0	0	0	0	117	0	0
79030f9c3947f7ccc6912a851d88f50b	0	0	0	0	0	0	0	0	0	0	0	0	0	0	0	0	0	62	34	0
85e30d09187bb7b6edbd5b344bf985e6	0	0	0	0	0	0	0	0	0	0	0	0	0	0	0	0	0	21	0	0
d0a641c0e30d3c2f5b1e191958edb292	0	0	0	0	0	0	0	0	0	0	0	0	0	10	0	0	0	15	13	0
9e1b2d505887fbe8b42d3a60705da434	0	0	0	0	0	0	0	0	0	0	0	0	0	0	0	0	0	0	0	0
b66e01d3975c4ef9c2a616e976a12bb1	0	0	0	0	0	0	0	0	0	0	0	13	0	0	0	0	0	0	0	0
47082eb92759c2179725fe69f11672c5	0	0	0	0	0	0	0	0	0	0	0	0	0	0	0	0	0	0	0	0
30f7a9819d58e8c66856a6cda286a9f1	0	0	0	0	0	0	0	0	0	0	0	0	0	0	0	0	34	0	0	0
65f1d29871c8da3b9207a0baeea0f9af	0	69	29	0	0	0	0	0	0	0	37	57	71	99	0	199	59	151	328	438
4d0d77bc33b95d788176362a73be6de1	0	0	0	0	0	0	0	0	0	0	0	0	0	0	0	0	0	0	10	0
fda2c882a659c6f3c70970e6ac06b7da	0	0	0	0	0	0	0	0	0	0	0	0	0	0	0	312	0	0	0	0
9f85c932d39ddb56e39270932eeb7210	0	0	0	0	0	0	0	0	0	0	0	0	0	0	0	0	0	0	0	86
ded7606e2b557e95870c254bd90c3130	0	24	0	0	0	0	0	0	0	0	33	0	0	0	0	88	0	0	0	0
b3b85712c00d0750ff579836e3c8da87	0	0	0	0	0	0	0	0	0	0	0	0	0	11	0	0	0	62	8	0
e45f08fadf53807334e13d5bd6e9c5c9	0	0	0	0	0	0	0	0	0	0	0	0	0	0	0	0	0	50	0	0
5e24a5fd0b3d19bdbdacf383799d558f	0	0	0	0	0	0	0	0	0	0	0	0	0	0	0	0	0	24	0	0
e8053dea576819ffb32013b2d8eaed8b	0	0	0	0	0	0	0	0	0	0	0	0	0	0	0	0	0	0	0	0
a6d38d68ef15ef6a463d78403b85e7e2	0	0	0	0	0	0	0	0	0	0	0	0	0	75	0	0	0	0	152	0
b95257b4691a9701bcfc952c1ac76175	0	0	0	0	0	0	0	0	0	0	0	0	0	0	0	0	0	0	9	0
5c78df2dd11b971267cd317014f5d692	0	0	0	0	0	0	0	0	0	0	0	0	0	0	0	0	0	0	0	17
b231a224b2c0a705ac12229d9a940506	0	0	0	0	0	0	0	0	0	0	0	0	8	0	0	0	0	54	0	0
da91dca9400c1074c8b3aaad02179172	0	0	0	0	0	0	0	0	0	0	0	0	0	40	0	0	0	0	0	0
0db21076d3d2b935599d211da69f6773	0	0	0	0	0	0	0	0	0	0	0	0	0	0	0	0	0	0	0	0
54402d43b1a102231d500b27b0dcf5fe	0	0	0	0	0	0	0	0	0	0	0	20	0	0	0	0	0	0	0	0
c55b9aa438ccd2f255a068425de5238d	0	0	0	0	0	0	0	0	0	0	0	0	0	0	0	266	0	0	0	0
f9fc7a54d52b59a8c803082450b051cc	0	0	0	0	0	0	0	0	0	0	0	0	0	0	0	0	0	0	0	0
1862c110740053501d1a2f9cb509e156	0	0	0	0	0	0	0	0	0	0	0	0	0	0	0	0	0	5	0	0
01993aba463e74b6c31b2cebdc8f5ff1	0	18	0	0	0	0	25	0	0	0	27	0	0	206	35	3786	1487	0	0	0
cfccf831df0afe8caa3d3e6b6e889952	0	6	0	0	0	0	0	0	0	0	0	0	0	0	0	0	0	0	0	0
81d84a7cab1e413cdab49e05dc6da3e1	0	0	0	0	0	0	0	0	0	0	0	0	0	0	0	0	0	0	0	0
01353923e2e6219198b8d092099e0d9f	0	0	0	0	0	0	0	0	0	0	0	0	0	0	0	0	0	0	0	0
eeccae1313745f36aa88456273545e03	0	0	0	0	0	0	0	0	0	0	0	0	0	0	0	0	0	0	0	0
901e4690ae06c9889387df9702ac52a6	0	0	0	0	0	0	41	0	0	0	0	0	0	0	0	108	691	0	52	0
df041c06789749b3c8eebae4dcec0650	0	0	0	0	0	0	0	0	0	0	0	0	0	291	0	99	0	0	0	0
6ac278c0d9b205a362449463a1bdfff8	0	0	0	0	0	0	0	0	0	0	0	0	0	0	0	0	0	25	0	0
0f7d915b3799a3ff400c85690cc3ebdd	0	0	0	0	0	0	38	0	0	0	0	0	0	0	0	0	534	0	0	0
eb7b29a2f748c61f1a0d50fc684ddf5d	0	0	0	0	0	0	0	0	0	0	0	0	16	0	0	91	0	0	0	0
d0da393b2446c4759ffd80210c1109a1	0	0	0	0	0	0	0	0	0	0	0	0	0	0	0	0	0	0	0	21
2aac05de665bc36308abaa0612eccbb0	0	0	0	0	0	0	0	0	0	0	14	27	0	0	3	25	0	140	36	33
279f2a8ebfe3f20e867b46f19e198d5a	0	0	9	0	0	0	0	0	0	0	0	0	0	0	0	0	0	0	0	0
7f9dc78737f02ec14d5878647a9caa37	0	0	0	0	0	0	0	0	0	0	0	0	0	0	0	0	0	0	0	6
87ab0a255949aabbe1a49f8578b991d1	0	0	0	0	0	0	0	0	0	0	0	0	0	0	0	0	0	0	0	0
b36678b883975c24b429d01961572d0b	0	0	0	0	0	0	0	0	0	0	0	0	0	0	0	35	0	0	0	0
931b95c7ec8076f15d2647ce159fce8f	0	0	0	78	0	0	0	0	0	0	0	0	0	489	0	575	0	0	0	0
d91520419b7edb2c4cacea3929787901	0	0	0	0	0	0	0	0	0	0	0	0	0	334	0	350	0	0	0	0
8431ce797c88c8ae073512bf2145e2ae	0	0	0	0	0	0	0	0	0	0	0	0	15	0	0	0	0	0	0	0
02f7a1e1f9e36c93ee6d78dde2840444	0	0	0	0	0	0	0	0	0	0	0	0	0	0	0	0	0	32	0	44
d1316b26e5350da36e6456499ecdfe18	0	0	0	0	0	0	0	0	0	0	0	0	0	0	0	0	0	0	0	0
d7f396ecd372fbbf69cf10034520eb99	0	0	0	0	0	0	0	0	0	0	0	0	0	0	0	0	0	14	0	0
8d6a38a97a6a33d97302a6ab3404a70e	0	0	0	0	0	0	0	0	0	0	0	0	0	0	0	0	0	176	0	0
cd42c24f008fcca14814c583182211e4	0	0	0	0	0	0	0	0	0	0	0	0	0	0	0	0	0	0	0	0
68345111fc9a4e190916949d9f2e7a1a	0	25	0	0	0	0	0	0	0	0	35	0	0	0	0	74	0	0	45	0
9acd8a4948892cf90087db3f6ffd2620	0	0	0	0	0	0	0	0	0	0	0	0	0	0	0	0	0	0	0	0
9a388672ef0064ac708688aca403fab6	0	0	0	0	0	0	0	0	0	0	0	0	0	21	0	17	61	0	41	29
244107d6482aeb20bd564cf2c0b31881	0	0	0	0	0	0	0	0	0	0	0	0	0	8	0	0	0	0	0	0
73d5247ebd5628adcd903559c9c5cf01	0	0	0	0	0	0	0	0	0	0	0	0	0	0	0	0	0	0	0	0
7b11b3e6df0c3464eb20136d4d27239d	0	0	0	0	0	0	0	0	0	0	0	0	0	0	0	0	239	0	0	0
99a93cb5bb17106e32c49b9979125cea	0	0	0	0	0	0	0	0	0	0	0	0	0	0	0	0	0	0	14	0
f68a0b16906d90559cfd5493f8e07247	0	0	0	0	0	0	0	0	0	0	0	0	0	0	0	0	0	0	32	0
2364000784a57f89cf0fe95d0e20e902	0	0	0	0	0	0	0	0	0	0	0	0	0	0	0	0	0	0	0	17
d149cc7b3ca9038d01a812854811fd38	0	0	0	0	0	0	0	0	0	0	15	0	0	0	0	24	0	0	0	0
eb74d6c3164df5c483c6f47bf261da98	0	0	0	0	0	0	0	0	0	0	16	0	0	0	0	0	0	0	0	0
f56016477bf572b91b829a748c2f78db	0	0	0	0	0	0	0	0	0	0	0	0	0	0	0	0	0	87	0	0
0ca26ab8479e83811bbe36b7969e2823	0	0	0	0	0	0	0	0	0	0	0	0	0	0	0	0	0	68	0	0
2f8bc825ba3e38a519a853a3ac991f1c	0	6	0	0	0	0	0	0	0	0	10	0	0	0	0	0	0	0	0	0
ce272b2de05042945d7cba8e14de0f93	0	0	0	0	0	0	0	0	0	0	0	74	0	0	0	0	0	0	0	0
d13e9a87b06284e228912debbabd090f	0	0	0	0	0	0	0	0	0	0	0	0	0	0	0	0	0	0	0	0
664f869e28a3949cfd39d4e3f992b26c	0	0	0	0	0	0	0	0	0	0	0	0	0	0	0	21	0	62	20	0
2032f3b9969ddbbe5d4d4df80f70efe1	0	0	0	5	0	0	0	0	0	0	0	0	0	26	0	0	0	0	0	0
e17039f15337254bd2763b00f659fc3e	0	0	0	0	0	0	0	0	0	0	0	0	0	0	0	0	0	0	0	130
a3b737b79c3991c9af98ba90e08bf899	0	0	0	0	0	0	0	0	0	0	47	0	0	0	0	0	0	0	0	0
d3d16ce609ab2b1c1d64bbc4b80b9260	0	0	0	0	0	0	0	0	0	0	0	0	0	0	0	0	0	0	0	0
9ef82f0df184e6eb00dc0249676798a3	0	0	0	0	0	0	0	0	0	0	4	0	0	0	0	0	0	0	0	0
9f7bea924e8fd700cdb20a545897bc69	0	0	0	0	0	0	0	0	0	0	0	0	0	0	0	0	0	0	0	0
f0a134d3b512c8bf5408898edc18fdec	0	0	0	0	0	0	0	0	0	0	0	0	0	141	0	0	0	0	0	0
ca79235f01779b9d67ec222459bccff0	0	0	0	0	0	0	0	0	0	0	0	0	0	0	0	0	0	0	0	0
b618ac816b8cb59acf85abc17c6530d6	0	0	0	0	0	0	0	0	0	0	0	0	0	0	0	0	0	0	0	14
cbe3d19a7c83208ee75de8048464c4cc	0	0	0	0	0	0	0	0	0	0	0	0	0	0	0	0	0	0	0	0
01edd53eeb2aab1dcd71b4f1f55d05a4	0	0	0	0	0	0	42	0	0	0	0	0	0	0	0	80	342	0	97	120
6f4a502cae1a1e4a44302eedd69b6a1b	0	0	0	0	0	0	0	0	0	0	0	0	0	0	0	14	12	16	0	0
7cc503ed6db8361c2e14b0f299a58df7	0	0	0	0	0	0	0	0	0	0	0	0	0	0	0	190	304	92	0	0
18a3598897223642e092cf1a3b0f9b60	0	0	0	0	0	0	8	0	0	0	0	0	46	56	0	0	144	0	21	0
5fae701def594df66f61c4fa30f25f27	0	0	0	0	0	0	0	0	0	0	0	0	69	0	0	0	0	0	246	0
dd885291b20519f2f2d1ec3dbc77b1b9	0	0	0	0	0	0	0	0	0	0	0	0	0	0	0	0	0	25	0	0
ba1dc6928a6d34d1a5dba7e161ba26ac	0	0	0	0	0	0	0	0	0	0	0	0	0	0	0	0	0	0	0	0
218911355588324a12681a40710391cf	0	0	0	0	0	0	0	0	0	0	0	0	0	143	0	61	0	0	53	0
657ba8c0449727b2c7eb3c9328cbfa03	0	0	0	0	0	0	0	0	0	0	0	0	0	0	0	0	14	0	0	0
ad527676fd8412e9a8c6c92496f086e6	0	14	0	0	0	0	0	0	0	0	18	0	20	0	0	81	0	0	0	0
f04b3989df92c5eaa5cc3184c86d82f0	0	0	0	0	0	0	0	0	0	0	0	0	0	321	0	0	0	0	0	0
31454e9c2fa765c6f79d00856ae7412e	0	0	0	0	0	0	0	0	0	0	0	0	0	0	0	0	32	0	0	0
66d16aa90855eb8eeebbe8ed1a13e2f0	0	0	0	0	0	0	13	0	0	0	0	0	16	0	0	0	149	0	0	477
6ec61c91bcb7a218d456e940ad0d92eb	0	0	0	0	0	0	0	0	0	0	0	0	0	0	0	0	1	0	0	0
6695396f5461c2a81ff54ee3d076e648	0	0	0	0	0	0	4	0	0	0	0	0	20	0	0	0	43	0	30	0
7a0064ba5ceca7eed2a45cd79876f5d2	0	0	0	0	0	0	0	0	0	0	0	0	0	0	0	0	0	0	0	0
b35d42fb642012eda63f9b90405cd3ef	0	0	0	0	0	0	18	0	0	0	0	0	0	0	0	0	54	0	0	0
1fbf9d823ddaf472cbe57190a6a9b724	0	0	0	0	0	0	0	0	0	0	0	0	0	0	0	0	0	0	0	0
265535fb176f8b386c6500dcf21a517f	0	0	0	0	0	0	0	0	0	0	0	0	0	0	0	0	0	0	0	84
e4357a3c7febf83be19c07dda25a30c5	0	0	0	0	0	0	0	0	0	0	0	0	0	0	0	0	225	0	0	0
19403bde777b6a4f7864e1d1e27a3659	0	0	0	0	0	0	0	0	0	0	0	0	0	0	0	0	0	144	0	0
f7a4188d27dbb3091105dab5f6e36805	0	0	0	0	0	0	0	0	0	0	0	0	0	0	0	0	0	0	21	0
ab76a267c168a4e6a2ea5f8a1a51db94	0	0	0	0	0	0	0	0	0	0	0	0	0	0	0	0	0	447	0	0
0fcce44f10a956f9e8ae4548ad43457d	0	0	0	0	0	0	0	0	0	0	0	0	4	0	0	0	0	0	0	0
356a8bad3a1d78e0a3fad5080dd53210	0	0	0	0	0	0	0	0	0	0	0	0	0	0	0	0	0	0	0	0
115cb0d9c309cca73c79f1088c3c1b49	0	0	0	0	0	0	0	0	0	0	0	0	0	0	0	0	0	5	0	0
63ed7a8d51c2505f021760566595b2b6	0	0	0	0	0	0	0	0	0	0	0	0	0	0	0	0	0	0	0	66
0238fc3beadf1d5961f202a1b85efdad	0	0	0	0	0	0	0	0	0	0	0	0	0	396	0	0	38	0	0	0
3d3f9a74410a867646ad1b3a1a219a05	0	0	0	0	0	0	0	0	0	0	0	0	0	6	0	0	19	0	0	0
130a31205579d259d631095695b06184	0	0	0	0	0	0	0	0	0	0	0	0	0	0	0	61	0	0	0	0
4ae088db98475096e0ebe5c5f7db5882	0	0	0	0	0	0	0	0	0	0	0	0	0	0	0	0	0	0	0	36
8be2022ff505ceeb7bd66c5a32f3a7d1	0	0	0	0	0	0	0	0	0	0	0	0	0	0	0	18	0	0	0	0
22d7184cd858530b22b309452b109b29	0	0	0	0	0	0	0	0	0	0	0	0	0	0	0	0	0	0	49	0
890a8172ccc3133f6e6e7e03e4f4bb8b	0	4	0	0	0	0	0	0	0	0	9	0	0	0	0	0	0	0	0	0
673379cd9d82317b181de0b060da4477	0	0	0	0	0	0	0	0	0	0	0	0	0	0	0	5	0	0	0	0
7c7759fb6f3d6164154892b478635642	0	0	0	0	0	0	0	0	0	0	0	115	0	0	0	0	0	0	84	0
e69b29548d664376aa6d8855317d2833	0	0	0	0	0	0	0	0	0	0	0	0	0	0	0	0	0	0	5	0
3f4bf3e830d6b3af189d11c132ac74ed	0	0	0	0	0	0	0	0	0	0	0	0	0	0	0	0	0	1101	0	0
0514eeb24e15d56c2e424b0cb54baeb0	0	0	0	0	0	0	0	0	0	0	0	0	0	0	0	130	0	0	0	0
98fe1bdec256f6dd8c7f7ef9bc3056fb	0	0	0	0	0	0	0	0	0	0	0	0	0	0	0	0	0	0	0	0
8fa7e6d4781a65501c2d398a96cfa3c4	0	0	0	0	0	0	0	0	0	0	0	0	12	0	0	0	0	0	0	0
90b11c97304d95d4027fc83971659d54	0	0	0	0	0	0	0	0	0	0	0	0	0	0	0	0	0	0	0	0
d81283ccb526863e6be5f283c528b928	0	0	0	0	0	0	0	0	0	0	0	0	0	0	0	0	0	118	0	0
7e2e78a9729f2b4c1c14a3ae0ba02c90	0	0	0	0	0	0	0	0	0	0	0	0	0	0	0	0	25	14	0	48
b018b81cc161f654d018e7dc9d5b013f	0	0	0	0	0	0	0	0	0	0	0	0	0	0	0	0	0	0	0	33
bca80c84a9c963662df8997fdedb23ce	0	0	0	0	0	0	0	0	0	0	0	0	0	0	0	0	0	0	8	0
1ab6122e5a25db3427342a3913c4d165	0	0	0	0	0	0	0	0	0	0	0	0	0	12	0	0	0	0	0	0
5497318e515a8c328a68f95975d9c7d4	0	0	0	0	0	0	0	0	0	0	0	0	0	0	0	0	0	0	0	0
fb9f91c230127e162b75c70cf024be3f	0	0	0	0	0	0	0	0	0	0	0	0	0	0	0	0	0	613	0	0
15e39d0978a2324ae868fa4fc0886b95	0	0	0	0	0	0	0	0	0	0	0	0	0	0	0	0	0	15	0	0
766ce8e61917254b65b9bd0080a454fb	0	0	0	0	0	0	0	0	0	0	0	0	0	38	0	71	0	67	16	73
7e5e3b94e9969d40a06252d41ebfd020	0	0	0	0	0	0	0	0	0	0	0	0	0	0	0	0	26	0	0	0
69dd513738245267a58eff2c5e1a5026	0	0	0	0	0	0	0	0	0	0	0	0	0	0	0	0	0	0	0	0
fe8d095088b94fe96467430c4b3c62c6	0	0	0	0	0	0	0	0	0	0	0	0	0	127	0	31	88	0	41	0
d18ab172a643d749108718c232dfdabf	0	0	0	0	0	0	0	0	0	0	0	0	0	0	0	0	0	0	0	0
8fc43367957d2559e77ba931c3f951a0	0	0	0	0	0	0	93	0	0	0	0	0	0	0	0	42	230	0	0	0
e2e204b1acf8c7b3db94d3e1babcae8c	0	0	0	0	0	0	0	0	0	0	0	0	0	0	0	0	0	0	54	0
238140147ba317ae54c90e66960e22bb	0	0	0	0	0	0	0	0	0	0	0	0	0	0	0	0	0	13	0	9
5be32839be6c9d66ba8d92ede383f8e6	0	0	0	0	0	0	0	0	0	0	0	0	0	0	0	0	0	0	0	0
de49850d639a7b09f6c11387c01f5757	0	0	0	0	0	0	0	0	0	0	0	0	0	109	0	60	150	0	0	0
b2dc66d9fb441733fc99e6315adea8b9	0	0	0	0	0	0	0	0	0	0	0	0	0	0	0	0	0	0	0	59
101115b2728c2c096a6e97638e8d2bec	0	0	0	0	0	0	0	0	0	0	0	0	0	0	0	0	0	0	0	0
269b045ab36e697315b2c195d14cf687	0	0	0	0	0	0	0	0	0	0	0	0	0	0	0	0	0	5	0	0
6362359ab242c1213ed345a210e949da	0	0	0	0	0	0	0	0	0	0	0	0	0	0	0	0	0	11	0	0
d62fa3dfb901069ebd79ac5fc5acd1fe	0	0	0	0	0	0	0	0	0	0	0	0	0	0	0	0	0	18	0	0
7f97c226c894d72704dcc00bc62a6409	0	0	0	0	0	0	0	0	0	0	0	0	0	36	0	0	0	0	0	0
335b90652b6be46d4319c3f9f60721e3	0	0	0	0	0	0	0	0	0	0	0	0	0	0	0	0	0	18	0	0
65931ca6423e90d7e257b6901bc78e06	0	0	0	0	0	0	0	0	0	0	0	0	0	0	15	0	0	0	0	0
de230e564aca24708f3601cb7e48cdde	0	0	0	0	0	0	0	0	0	0	0	0	0	0	0	12	0	0	0	0
09955676c12875dd721fe3ff45edeaa5	0	0	0	0	0	0	6	0	0	0	0	18	47	89	0	82	325	31	40	0
7bb46f6ad6f866867edcf4b4cda93c50	0	0	0	0	0	0	0	0	0	0	0	0	0	0	0	0	0	0	0	0
7a1a7d3362a2f4e3bb2b0f088b9a6b84	0	0	0	0	0	0	0	0	0	0	0	0	0	0	0	0	0	0	0	50
a5856b277892edecb674b54235e9c3f9	0	0	0	0	0	0	0	0	0	0	0	0	0	107	0	71	87	40	0	0
9104c4b42757f253f35768d341c2a32b	0	0	0	0	0	0	0	0	0	0	0	0	0	0	0	0	0	0	0	0
ad92a0e5347f27cf7086ed3db08e41d3	0	0	0	0	0	0	0	0	0	0	0	0	0	30	0	0	0	23	0	0
f46081b0047d95610022d73e39964ce4	0	0	0	0	0	0	0	0	0	0	0	0	0	0	0	0	0	837	0	181
0f45b96953db5b0b58e2138aee3ed697	0	0	0	0	0	0	0	0	0	0	0	0	0	0	0	0	6	0	0	0
ae8d5fbe17dc52c3dd3f85e6e379f6a3	0	18	0	0	0	0	4	0	0	0	16	16	9	23	0	58	259	219	141	17
88cb0af74ebb813b249b69fb1342afe4	0	0	0	0	0	0	0	0	0	0	0	0	0	0	0	99	0	0	49	0
f860b2e05b5e2b6e0f99de17b7029254	0	0	0	0	0	0	0	0	0	0	0	0	0	0	0	0	0	0	0	26
945edf42a6a4e148968c31cab25c6aad	0	0	0	0	0	0	20	0	0	0	0	46	0	0	0	0	206	0	0	408
ce10674f4df292c0286e43268187cbeb	0	0	0	0	0	0	0	0	0	0	0	0	0	34	0	0	0	0	0	0
d09ac2719179ce445475d19f361713b1	0	35	0	0	0	0	19	0	0	0	0	167	0	106	0	185	66	544	61	56
9d00dece127686e149e43c838475ac7f	0	0	0	0	0	0	77	0	0	0	0	0	0	0	0	0	72	0	0	56
ab90ac683e9423b8edca9ee11b5d129f	0	0	0	0	0	0	0	0	0	0	0	0	14	50	0	67	0	85	95	0
9f6a1c142975ab6a381eaf604c12b813	0	0	0	0	0	0	0	0	0	0	0	0	0	0	0	0	0	0	0	0
8f55493bf14974776fcfcb6e85f3bb9d	0	0	0	0	0	0	0	0	0	0	0	0	0	0	0	0	0	0	168	0
07db7236c34176dbb9da3e966164989e	0	0	0	13	0	0	0	0	0	0	0	0	0	52	0	0	0	0	5	20
0cf5633d0acee262e87da3db80a9baaf	0	0	0	0	0	0	0	0	0	0	0	0	0	55	0	0	0	0	0	0
1eb8ccd8503ebc49525110a5d9475dd8	0	0	0	0	0	0	0	0	0	0	0	0	0	0	0	0	0	0	0	0
b326b74bbd803234d609305fca3c9581	0	0	0	0	0	0	0	0	0	0	0	0	0	0	0	0	61	0	0	0
35d8befe2a06f232394186b95e8c1413	0	0	0	0	0	0	0	0	0	0	0	0	0	20	0	0	73	0	0	0
608366f84d69c7b87c6da3004d7c9fb7	0	0	0	0	0	0	0	0	0	0	0	0	0	0	0	0	0	0	0	18
d91ab319b7d651ae12941f574432d760	0	0	0	0	0	0	0	0	0	0	0	0	0	0	0	0	0	0	0	0
e334b9f66d3e53431edc3e8ac10bebcf	0	0	0	0	0	0	0	0	0	0	0	0	0	0	0	0	0	0	0	0
82c448c1808ec28bd3b550b0460519cb	0	0	0	0	0	0	0	0	0	0	13	0	92	309	0	432	125	368	33	203
fc8d5e9ee604b85bb84682fd1c259d2c	0	0	0	0	0	0	0	0	0	0	16	0	0	0	0	0	0	0	0	26
1d60e4d996ce10a25bc2aa4c14995595	0	0	0	0	0	0	0	0	0	0	0	0	0	0	0	0	0	0	0	20
4625893ffbfff7ee54decdaf2a2f1685	0	0	0	0	0	0	0	0	0	0	5	0	0	0	0	0	0	0	0	0
648f1e3569e1b98a35eb4beb5e5d3e39	0	0	0	0	0	0	0	0	0	0	0	0	0	0	0	0	0	0	0	0
f12a0a185eac530144304b1b954cfcd7	0	17	0	0	0	0	0	0	0	0	11	0	0	0	0	0	8	0	0	9
26edf7034861fee25cdbd5122b43ac4c	0	0	0	0	0	0	0	0	0	0	0	0	12	0	0	46	0	0	0	0
419dfeeb324ee204ea04ea65fe01c81e	0	0	0	0	0	0	0	0	0	0	0	0	0	0	0	0	0	0	0	0
540721b4095a2a1f6d2546c5bda83fd6	0	0	0	0	0	0	0	0	0	0	0	0	0	0	0	0	0	0	30	0
6322057404148a884d29303d62880b0d	0	0	0	0	0	0	0	0	0	0	0	0	0	0	0	0	57	56	0	0
718fd5649f65dd9b5d717d153e63fa46	0	0	0	0	0	0	0	0	0	0	0	0	0	8	0	9	26	21	17	0
8b74089f59b28e641f2c8c736707f8b2	1245	372	41	48	157	10	33	27	23	117	146	25	0	0	0	0	0	0	0	0
c4f449df4557bfb801a92e2c804dd0df	0	0	0	0	0	0	0	0	0	0	0	0	0	0	0	0	0	39	0	0
bf1703b850cb89d89fd040af4135d111	0	0	0	0	0	0	0	0	0	0	0	0	0	0	0	0	0	0	12	0
f330a8d2204597dbe97585c4185570bd	0	0	0	0	0	0	0	0	0	0	0	0	0	0	0	126	0	0	160	91
792e40f5167f6b4c7ac4152e2492628d	0	0	0	0	0	0	0	0	0	0	13	0	17	65	0	238	0	0	0	0
253cac77622beee67585984850f4ea44	0	0	0	0	0	0	0	0	0	0	0	0	0	0	0	0	0	0	0	0
9c9b52545de5f778018c4460740a6c38	0	0	0	0	0	0	0	0	0	0	0	0	0	0	0	0	8	0	0	0
7af20c6ce9e237d8c8412b654e9b1fc2	0	0	0	0	0	0	0	0	0	0	0	0	0	0	0	0	2	0	0	0
7cebeaa2d83ee4352865c038085652c2	0	0	0	0	0	0	0	0	0	0	0	0	0	8	0	0	0	0	8	0
ab2bfb86c1caa884497b8339f51705e6	0	0	0	0	0	0	0	0	0	0	0	0	0	0	0	50	44	67	0	0
14038a6daeeb8849503a43d30ba33870	0	0	0	0	0	0	0	0	0	0	0	0	0	0	0	0	0	0	0	70
806210c1d2d75d4828f504c26a708574	0	0	0	0	0	0	0	0	0	0	0	0	0	0	0	0	0	0	47	0
e872f98a41e86a9ee72b5bb076bc654e	0	0	0	0	0	0	0	0	0	0	0	0	0	0	0	0	0	0	0	60
0693e53ee44b21d04dcdccde50333172	0	0	0	0	0	0	0	0	0	0	0	0	0	0	0	0	0	0	0	0
b24f5838b3586b1cb541d14ac5289861	3	25	9	0	0	0	0	0	0	0	46	74	0	0	0	22	0	61	173	0
5d1f5d4d7f3abcec9f638c9a5c061396	0	0	0	0	0	0	0	0	0	0	10	0	0	0	0	8	6	62	0	0
990ca7dc83ec1f7499b25325f985cce0	4	66	0	0	0	0	0	0	0	0	70	0	0	0	0	0	0	0	0	0
001efeae1a41041d6b1f322035330f0a	0	50	0	0	0	0	0	0	0	0	42	0	0	62	0	0	0	154	127	0
6400ad43ebeebb0c2b35152734547a2c	0	0	0	0	0	0	0	0	0	0	0	0	0	0	0	0	0	31	0	0
1d0f4ddd857e20436e273377def48d1d	0	0	0	0	0	0	0	0	0	0	0	0	0	0	0	0	0	0	0	22
eba65a6c0226fad41ee9dff264ecd62d	0	0	0	0	0	0	0	0	0	0	0	0	0	0	0	0	13	0	9	16
49929e26955dd27c82c6b08d5b2b3cfe	0	0	0	0	0	0	0	0	0	0	0	9	8	0	0	0	0	0	0	0
f6ae3ee42fe3b84bd2ada3734ec95206	0	0	0	0	0	0	0	0	0	0	0	0	0	0	0	82	0	0	0	0
64166f47efaac9c63010f41e448826dd	0	0	0	0	0	0	0	0	0	0	0	0	0	0	0	0	143	0	0	0
2d3e1968b7f19f8d525a74ef5992e374	0	24	0	0	0	0	0	0	0	0	37	0	0	398	0	0	0	416	38	0
94d3159e4d89ed3dde831775007a1145	0	0	0	0	0	0	0	0	0	0	0	0	0	0	0	0	0	0	0	0
902d8f67d3ef7fec32c8b3b3c1ad0ba3	0	0	0	0	0	0	0	0	0	0	0	0	0	0	0	0	0	0	0	0
aceb457aaa6b12da1ec4f2492cc2053f	0	0	0	0	0	0	0	0	0	0	0	0	0	9	0	0	0	14	15	0
f2d1298355f69631523b124eda05a5af	0	0	0	0	0	0	0	0	0	0	0	0	0	0	0	0	0	0	2	0
94a8abb548d015b773eb15b46c5daf02	0	0	0	0	0	0	0	0	0	0	0	0	0	0	0	0	0	0	0	0
304db80bed00f5f3cbc01ec11fa7361b	0	0	0	0	0	0	0	0	0	0	0	13	0	0	0	0	0	0	0	0
dd9f2fd3d7c05299d6b7f2b32e5947bd	0	0	0	0	0	0	0	0	0	0	7	12	0	0	0	11	0	47	9	0
238da5abd41c58899735e63f09ed728a	0	0	0	0	0	0	5	0	0	0	0	0	0	0	0	0	0	0	0	0
e3ceee21295f247607feacae4699f350	0	0	0	0	0	0	0	0	0	0	0	0	0	0	0	0	86	0	0	0
968bf771b4f1167372e878b29182dbba	0	0	0	0	0	0	0	0	0	0	0	0	0	0	0	0	0	0	0	0
db56e5074702a5bc6ca3f45cc5dae9e5	0	0	0	0	0	0	0	0	0	0	0	0	0	0	0	0	0	65	0	20
3329d7243c0c71ee2c28cd793810528c	0	0	0	0	0	0	0	0	0	0	0	0	0	0	0	0	0	0	0	0
b2224f4a4154eec47d85c01484f1637a	0	0	0	0	0	0	0	0	0	0	0	0	0	0	0	0	103	0	0	0
f3f12ecd3f11fe56f6d01b419336f775	0	0	0	0	0	0	0	0	0	0	0	0	0	0	0	0	0	0	0	0
7189c282314c9826e230f52e04542e6c	0	0	0	0	0	0	0	0	0	0	0	0	41	0	0	0	0	0	0	0
122274c5782288aa2049e783553a7515	0	0	0	0	0	0	0	0	0	0	0	0	0	0	0	0	74	0	0	0
8a85c8f48fab5f2a39775c78bdea726c	0	0	0	0	0	0	0	0	0	0	0	47	0	150	0	46	0	0	76	0
94f52f5d20084375d412a8f68f0dc2c3	0	0	0	0	0	0	0	0	0	0	0	0	0	0	0	17	0	0	21	0
6030dc2d5bf896cbfb70d859aedfd783	0	0	0	0	0	0	0	0	0	0	0	0	0	0	0	3	0	0	0	0
f56e8ecfac5f476636eb05564abe289b	0	45	0	20	0	0	0	0	0	0	35	0	0	225	0	44	41	170	111	419
44975f4be80c562534edffca38613d73	0	0	0	0	0	0	0	0	0	0	0	0	0	0	0	0	0	0	0	0
be6e552b1deb4544e20a3ff49577ce7b	0	0	0	0	0	0	6	0	0	0	0	0	0	0	0	0	118	0	0	0
30fc4b27b0166206f0fe79a79e86aa8e	0	0	0	0	0	0	8	0	0	0	0	0	0	0	0	0	193	0	0	0
dc319cf2bd5065b4efcb8026fb5aeacd	0	0	0	0	0	0	0	0	0	0	0	0	0	0	0	66	0	0	33	0
587608fca3fdc737018be4531f4fbe80	0	0	0	0	0	0	0	0	0	0	0	0	0	0	12	41	0	0	0	0
496001947f9d29081a228ee74ee0e2ec	0	0	0	0	0	0	0	0	0	0	0	47	0	0	0	0	0	0	0	0
1022625f50664466f3f838919a566dad	0	0	0	0	0	0	0	0	0	0	0	0	0	0	0	34	0	145	0	0
a536dc217446964627f6b33cdf724d61	0	9	0	0	0	0	0	0	0	0	0	0	0	0	0	14	60	690	47	0
c54feaed94b53803cf5bad847674d8b2	0	0	0	79	0	0	0	0	0	0	0	0	0	1358	0	1001	0	0	0	0
6dcc63d099a818e8e7fafc6e3174d7d2	0	0	0	0	0	0	0	0	0	0	0	0	0	0	0	0	0	0	0	26
5b076d912ea642c8d199aa72d2828706	0	0	0	0	0	0	0	0	0	0	0	0	0	83	0	0	0	0	0	0
b9e08e69e11a96cdd84b926d14c3ad4c	0	0	0	0	0	0	0	0	0	0	0	0	0	0	0	0	0	0	0	0
4b0728eafc19e8e712a7483e055fa79a	0	7	0	0	0	0	0	0	0	0	29	0	0	0	7	18	27	26	13	0
39c689289208bcf9c5d7a71f2254db3b	0	0	0	0	0	0	0	0	0	0	0	0	0	0	0	93	0	0	34	0
1b20aa1f9341a8aa9ff1707ec1464090	0	0	0	0	0	0	0	0	0	0	0	0	0	0	0	0	0	0	0	0
77d2373134806bae7e007696b85eeaf5	15	122	0	0	0	0	0	0	0	0	111	0	0	0	0	117	0	0	97	0
e59c2da7c5b0964e406b36b6a51977b3	0	9	0	0	0	0	0	0	0	0	18	0	0	26	0	0	0	0	0	73
09c25852892900d095dffc4ed4f0c7b7	0	0	0	0	0	0	0	0	0	0	0	155	0	0	0	83	0	0	0	0
8e178c67cbff9ba7385ce633fe3c742f	0	0	0	51	0	0	0	0	0	0	0	0	0	334	0	0	0	0	0	0
2220bd46b69ee6ca1b113fde86363909	9	38	15	0	0	0	0	0	0	0	38	53	8	0	43	817	0	0	75	0
3c6ef8f4da041564c9f2a9c15f9cf4cf	0	0	0	0	0	0	0	0	0	0	0	0	0	0	0	0	0	0	0	0
499eec271fc240cb6c2c58a4671fc2e8	0	0	0	15	0	0	0	0	0	0	3	20	16	147	0	27	51	64	33	38
7aebec4e33650d0ac57fe723a94c2c66	0	0	0	0	0	0	36	0	0	0	0	0	0	0	0	0	39	0	0	0
970aa8462e3c7ba056ee797b32be681b	0	0	0	0	0	0	51	0	0	0	0	0	0	0	0	0	777	0	0	0
36ef618fcc3c053e718da10f33f70dc9	0	0	0	0	0	0	0	0	0	0	0	0	0	22	0	0	0	0	0	0
f5e16821d8c1ae7d6dca0b0387cc5585	0	0	0	0	0	0	0	0	0	0	0	0	0	0	0	0	0	0	0	0
9b034dda96a9675588ca188b3fbf9d2c	0	0	0	0	0	0	0	0	0	0	0	0	0	0	0	0	111	0	46	33
7f24f67e929287751fad84123af6f851	0	0	0	0	0	0	0	0	0	0	0	0	0	115	0	0	41	0	24	0
42f227f65b649d01392c1b07c5314313	0	0	0	0	0	0	15	0	0	0	0	0	0	0	0	49	189	111	0	0
073306577f6257f3b1b00983350a5629	0	0	0	0	0	0	0	0	0	0	0	0	0	0	0	0	25	0	0	0
7d274bd0eef7027957b199cf79596971	0	0	0	0	0	0	0	0	0	0	0	0	0	0	0	0	0	0	0	393
ff3cd4fc20d517126bc22c675985bf43	0	0	0	0	0	0	0	0	0	0	0	0	0	0	0	0	0	2	0	0
b0572543f63bdf0c0bef8bcec5fc20cc	0	0	0	0	0	0	0	0	0	0	0	0	0	0	0	0	0	0	0	0
8d235eb84dc8fd29f229f4450a1cc480	0	0	0	0	0	0	0	0	0	0	0	0	0	0	0	0	0	5	0	0
3bbd59c6f6700cd40f6b3c2d0372033d	0	0	0	0	0	0	0	0	0	0	15	0	3	13	0	15	0	133	32	0
8b10729807dce6ee9e58e0f62754b22d	0	0	0	0	0	0	11	0	0	0	0	0	0	0	0	0	79	0	30	73
626b211bc5b767a81baff0e352ac709b	0	0	0	0	0	0	0	0	0	0	0	0	0	0	0	0	0	66	0	0
bfc637cae3b919ffda6f764368222927	0	0	0	0	0	0	0	0	0	0	17	0	0	16	0	0	0	0	0	0
a625086ae2d4cb64aea4bd3bc3b9b5dd	0	0	0	0	0	0	0	0	0	0	0	0	0	81	0	0	0	0	0	0
7299d956d5784c631b67b6f557e151fc	0	0	0	0	0	0	0	0	0	0	0	0	0	0	0	0	0	0	0	0
f023f7692a315fa25a1e8c1c47a71230	0	0	0	0	0	0	0	0	0	0	0	0	0	0	0	0	0	0	0	60
726cf0908df007cfa5e42c7299233071	0	0	0	0	0	0	0	0	0	0	0	0	0	0	0	0	0	0	0	0
25c80014f281fd5c51255fb6d8f4609b	0	0	0	0	0	0	0	0	0	0	0	0	22	0	0	0	0	0	0	0
23d8cc7298bbd4e1b2a21b5990c19bf9	0	0	0	0	0	0	0	0	0	0	0	0	0	0	0	0	5	0	0	0
9356c0c7c410184d3122517082256837	0	0	0	0	0	0	0	0	0	0	0	0	0	7	0	0	0	0	0	0
07df3215626e06d1555d90c581df9637	0	0	0	0	0	0	0	0	0	0	0	0	0	142	0	0	0	0	0	0
3e810221c09811601d7bf69b9e19e31c	0	0	0	0	0	0	0	0	0	0	0	0	0	0	0	0	0	225	0	0
ff1c787b304be626ab94f6997d599013	0	0	0	0	0	0	0	0	0	0	0	0	0	0	0	0	0	0	0	0
1aa3ac02660e8611afa03613a7a7e916	0	0	0	0	0	0	0	0	0	0	0	0	0	0	0	0	0	28	0	0
7b9d62916a70e7b5aec4172ffc5c62f0	0	0	0	0	0	0	0	0	0	0	0	0	0	0	0	0	0	70	0	0
32268787cfec1fba6090021e4cff017f	0	0	0	0	0	0	0	0	0	0	0	0	0	0	0	8	0	0	0	0
93996cb39c8e63659079c98937cf92c6	0	0	0	0	0	0	0	0	0	0	0	0	0	0	0	0	0	18	20	0
d2604b3760647caf82cc18ff2d935abd	0	0	0	0	0	0	0	0	0	0	0	0	0	0	0	0	0	0	0	0
427f5142ae52662b7db0bdd5689461f0	0	0	0	0	0	0	0	0	0	0	0	0	0	0	42	0	0	0	0	0
52787ec9a339c0733e52372277035078	0	0	0	0	0	0	0	0	0	0	0	0	0	0	0	0	7	0	0	0
5154e72d526c801f8b7734359fbcff09	0	0	0	0	0	0	0	0	0	0	9	16	0	86	0	74	0	0	0	0
bde8d6e30f3eccd2a88afa1a3db7f60b	0	0	0	0	0	0	0	0	0	0	0	0	0	0	0	0	0	0	12	0
1ab7a9bc9f2b88606b28b606688db0da	0	0	0	0	0	0	0	0	0	0	0	0	0	13	0	0	0	0	0	0
47f3d645d96038371757074de1d8fb8d	0	197	0	0	0	0	0	0	0	0	209	0	0	0	0	0	0	0	0	0
44fcb19ae3f14ac18011f50d834a8889	0	0	0	0	0	0	0	0	0	0	0	0	0	0	0	0	0	0	0	0
a27b739ab52f4605f95d0ee04e2ed7e0	0	0	0	0	0	0	0	0	0	0	0	0	0	0	0	0	0	0	31	0
bf141f3e26b9dacd0031e06f7f4c5d73	0	0	0	0	0	0	0	0	0	0	0	0	0	0	0	0	0	0	0	17
0df281ca1d2eb175033797fad1310419	0	0	0	0	0	0	41	0	0	0	0	0	0	0	0	0	577	127	0	0
0fd27b83707067ed757bd57003750993	0	0	0	0	0	0	0	0	0	0	0	0	0	22	0	0	0	0	0	0
852b47fb070c8331f9fc6d9fcefa5946	0	0	0	0	0	0	0	0	0	0	0	0	8	0	0	0	0	31	0	0
671647a7b6ca3a0f38dbc37ee2455a73	0	0	0	0	0	0	0	0	0	0	0	0	13	0	0	0	0	0	0	0
71fd06bf8c25e42ed875df9c9ed704f7	0	0	0	0	0	0	0	0	0	0	0	0	0	0	0	0	0	0	0	0
3a836b85c353a60fd98b5c7374a75309	0	25	0	0	0	0	0	0	0	0	45	0	15	0	0	26	0	134	0	0
149e2cdd0f7193e89392cc2bb3c288b3	0	0	0	25	0	0	11	0	0	0	0	0	0	260	0	39	170	0	0	0
fb1bbd65146ca8b0ef54dd506fc356ba	14	22	0	0	0	0	0	0	0	0	0	0	0	66	0	53	0	311	87	0
b82d7b8b90b55a67845d535379860706	0	0	0	0	0	0	0	0	0	0	0	0	0	0	0	0	14	450	0	0
427be72d0033e01402299fac54f6f2c3	0	0	0	0	0	0	0	0	0	0	0	0	0	0	0	0	0	0	0	0
e98b4c493f4726cbd90433258f6b7246	0	0	0	0	0	0	0	0	0	0	0	0	12	10	0	0	0	20	0	0
980537b2582b073a991ff88d9414321b	0	0	0	0	0	0	0	0	0	0	0	0	0	0	0	0	29	18	0	0
ddb40b4e7173251ce7c87b8beda5dd31	0	0	0	0	0	0	6	0	0	0	0	9	0	0	0	0	71	52	63	0
93908108b572a2c9f775b87eefdd2473	0	0	0	0	0	0	0	0	0	0	0	0	0	0	0	0	30	0	0	0
7a1dcbd9d4053377f9028ad0555868f3	0	0	0	0	0	0	0	0	0	0	0	0	0	45	0	0	0	42	0	0
bb3612d6c6262d47b07470175f2afc84	0	0	0	0	0	0	0	0	0	0	0	0	0	0	0	0	0	0	0	9
74e4b39a40941266a237573d8672eb69	0	0	0	0	0	0	0	0	0	0	0	0	0	208	0	0	0	0	0	0
dda9eef22574d2414f444719172d3454	0	0	0	0	0	0	0	0	0	0	0	0	0	0	0	5	0	0	0	0
23546877f9eebb5743fb0b8b593c2515	0	0	0	15	0	0	0	0	0	0	0	18	0	702	0	0	0	0	0	0
3e1233058bf332564d94b52c83fff401	0	0	0	0	0	0	0	0	0	0	0	0	0	0	0	0	0	0	0	0
9617d5019237e05941dd26a065da9968	0	0	0	0	0	0	0	0	0	0	0	0	0	39	0	0	0	29	0	814
4dc430c23d81387adf17cfea7baa3b10	0	0	0	0	0	0	0	0	0	0	0	0	67	138	0	57	419	0	0	0
e6c2f441edbbbd1214032317c0f6e9a3	0	0	0	0	0	0	0	0	0	0	27	0	0	65	0	0	0	0	25	0
dc290fb9392c12f0912025dcbdbbd224	0	0	0	15	0	0	0	0	0	0	0	0	0	91	0	0	0	0	0	0
28696419f7f863c9f4e6cf1b48b5e5e2	0	0	0	0	0	0	0	0	0	0	0	0	0	0	0	0	0	0	0	0
3d34cc837275c9c9aeec7e53724f2705	0	0	0	0	0	0	0	0	0	0	0	0	0	0	0	0	0	16	0	0
f2be34e3848d8440831f40658d434cd8	0	0	0	0	0	0	0	0	0	0	0	0	0	0	0	0	0	0	0	60
4a477c340ebff7f3bc610823b79e2328	0	38	0	0	0	0	0	0	0	0	56	0	0	0	0	127	0	0	0	0
d2bc256d34795bf5f9b7aabedeabad10	0	0	0	0	0	0	0	0	0	0	0	0	0	0	0	0	0	171	0	0
9e7a03969b2ce93aef4cf07892d8ca81	0	0	0	0	0	0	0	0	0	0	0	0	0	10	0	0	0	0	0	0
020037d6cd967f562d12f199fec0d300	0	0	0	0	0	0	0	0	0	0	0	0	0	0	0	0	0	0	0	47
6351d43814c54f633e81bd784e39e2e3	0	0	0	0	0	0	13	0	0	0	0	0	0	0	0	0	55	7	0	0
f2442b9c3735b3b0db5c7eae5bcdf397	0	0	0	0	0	0	0	0	0	0	0	0	0	0	0	0	0	272	0	0
ca2b13b860bbfd314969cfb49c964730	0	0	0	0	0	0	0	0	0	0	0	0	0	0	0	0	0	0	0	0
87ee94ddd1e87e4293c534a0bdb493f1	0	0	0	0	0	0	0	0	0	0	0	0	0	0	0	0	0	0	11	0
951082ca84ea0264a6499ecf356b4d5a	0	0	0	0	0	0	0	0	0	0	0	0	0	0	82	0	0	44	0	0
abd7ab04b08c4e5b50b8d18490dce223	0	0	0	0	0	0	0	0	0	0	0	0	0	246	0	297	0	0	0	0
4ce9dc2a4db691906c740d09a096b69c	0	0	0	0	0	0	0	0	0	0	0	0	0	0	0	0	7	0	0	0
6c4d2801ab82aebf00e426bbe0110382	0	0	0	0	0	0	0	0	0	0	0	0	0	0	0	167	0	0	0	0
2e6f1dde9a26506567fd7362812e5084	0	0	0	0	0	0	0	0	0	0	0	0	0	0	0	0	0	0	0	0
b9511dfe13da48d4141984c0ad3b55eb	0	0	0	0	0	0	0	0	0	0	0	0	0	0	0	0	0	0	0	0
995d6223e82b40fe8e16f30880f8d15c	0	24	0	0	0	0	4	0	0	0	70	0	17	247	0	105	124	0	260	0
e8f9b2c4b7382c7ce6bb0d72a8d70cd8	0	0	0	36	0	0	0	0	0	0	0	0	0	589	0	0	0	0	0	38
536633e2ed49f97eee217b5b0e9b1b37	0	0	0	0	0	0	0	0	0	0	0	0	0	0	0	0	0	0	0	0
de47c87395ebb755d3b8099e5ac8e07f	0	0	0	0	0	0	0	0	0	0	0	0	0	0	0	0	0	0	0	0
6094b87cc526c2fe38821fd79c341592	0	0	0	0	0	0	0	0	0	0	0	0	0	0	0	0	0	0	0	0
5aff30b42c7659bb68d54048a241b3bf	0	0	0	11	0	0	0	0	0	0	0	0	0	142	0	0	0	0	0	0
21cf1c4735fd4be034dcdb861a693c2f	0	0	0	0	0	0	0	0	0	0	0	0	0	0	0	0	20	0	0	0
f2927f63d0fac48b320524929b935526	0	0	0	0	0	0	0	0	0	0	0	0	0	0	0	0	70	0	0	0
955505812d1f351e96024444134d00a7	0	33	0	0	0	0	0	0	0	0	29	0	31	0	0	60	158	0	63	0
fe39a1dd261403cb7056bb81495cc9d5	0	12	0	0	0	0	0	0	0	0	42	25	0	0	0	38	0	516	0	0
636986dac6cbf7a8ea7f677a4011453b	0	0	0	0	0	0	0	0	0	0	0	0	0	0	0	0	55	194	16	32
e02e7096eb36f8a869f87aa9b8f126f1	0	0	0	0	0	0	0	0	0	0	0	0	0	0	0	0	0	0	0	0
3b5845f891550f5640bcd82e72ef3bf1	0	0	0	0	0	0	0	0	0	0	0	0	0	0	0	0	0	0	0	292
8125d35b2bca12c68cdc4d49871f1827	0	0	0	0	0	0	0	0	0	0	0	0	0	0	0	0	0	0	0	0
897432c968268f86c29116ed7848e735	0	0	0	0	0	0	0	0	0	0	0	0	0	0	0	0	0	22	0	10
8143b5f3b2d11bef5295daf8bae511f0	0	0	0	0	0	0	0	0	0	0	0	0	0	0	17	0	0	0	0	0
409a8f17b61dc5b7ae27aeeef7998d1a	0	0	0	0	0	0	0	0	0	0	0	0	28	0	0	0	0	0	0	0
55edc0af8b8f176ac911f5e3ec0b4412	0	0	0	0	0	0	0	0	0	0	0	0	0	0	0	0	0	0	0	0
3e752dfb7795ab0109be85ab67dd19a7	0	0	0	0	0	0	0	0	0	0	0	0	0	0	0	0	0	19	0	207
f67eb2490d10d3b5e63708b6831db1f4	0	0	0	0	0	0	0	0	0	0	0	0	0	0	0	0	0	0	0	0
4127ed1a1e8f9dac46c2895299b26505	0	0	60	0	528	658	867	33	0	848	0	0	0	0	1937	44	145	11	0	112
c02cb86717b668df21b2b76c470eb5fe	0	0	0	0	0	0	0	0	0	0	0	0	0	0	0	0	26	0	0	0
a7603b0b8a00bfa70225a5ecf807ad0b	0	0	0	0	0	0	0	0	0	0	0	0	0	0	0	0	0	25	0	0
0e91baca2c8c38c9765886586fc2138b	0	0	0	0	0	0	0	0	0	0	0	0	7	0	0	0	0	0	0	0
65e8ed5d50dd874db0a76bc467119e86	0	0	0	0	0	0	0	0	0	0	0	0	0	0	0	0	0	0	0	0
b0bc32b14ecad56ba56936fa3ecd4136	0	15	0	0	0	0	0	0	0	0	26	0	0	83	0	0	56	0	0	0
9cb6123fb8afaa505cd8891a727adb3a	0	0	0	0	0	0	0	0	0	0	0	0	0	0	0	0	9	0	0	12
e3a852efed8e8d5eedf191ab3dca82ea	0	0	0	0	0	0	0	0	0	0	0	0	0	13	0	30	0	0	0	0
1e9e763a1444200b893bec125466cc3d	0	0	0	0	0	0	0	0	0	0	0	0	0	0	0	80	0	0	68	0
589276a8e9c1154522c0451c893690ae	0	0	0	0	0	0	0	0	0	0	0	0	0	98	0	0	0	0	0	0
b4114703d78a8557d7c71eafc37a7102	0	0	0	0	0	0	0	0	0	0	0	0	0	25	0	0	0	0	22	0
93c376c25c0140c5308497f182be09db	0	0	0	0	0	0	0	0	0	0	0	0	0	0	0	0	0	9	0	0
c130f9ac686f89086e46079dd6de0044	0	0	0	0	0	0	0	0	0	0	0	0	20	0	0	0	0	0	0	0
0684c1828f8c6097658875bdc2846047	0	17	0	0	0	0	0	0	0	0	19	0	0	0	0	0	0	0	0	0
252d8c1b75031c70865206fd9aa62371	0	16	0	0	0	0	0	0	0	0	0	0	0	0	0	0	0	0	0	0
e37f9a1ddc8927bc876d74d243d1d975	0	0	0	0	0	0	0	0	0	0	0	0	0	0	0	0	0	0	0	0
09fd9824c737c896debc3b471425bf9f	0	0	0	0	0	0	0	0	0	0	0	0	0	11	0	0	0	0	0	0
ba770a970df4e80a1d0a3e3d9b33bfa1	0	0	0	0	0	0	11	0	0	0	0	0	0	0	0	0	54	0	0	322
2d9781b3cc5ea2d416be456911b55c94	0	0	0	0	0	0	0	0	0	0	0	0	0	0	0	0	0	0	0	0
f9668924d5f6b4f6d0b1d5f49f121c8c	0	0	0	0	0	0	0	0	0	0	0	0	95	0	0	0	0	0	0	590
3a555d4b9017633888f96610ffbdb8d7	0	0	0	0	0	0	0	0	0	0	0	0	0	0	0	0	0	0	0	20
710e3b37370abbf0cf4803787bc82124	0	0	0	0	0	0	0	0	0	0	0	0	0	0	0	0	0	0	0	0
5cba7b58b6db042a8d764b6862931954	0	0	0	40	0	0	0	0	0	0	0	0	51	1059	0	0	0	0	320	0
e4c88bf30abc7a1e60a1e9d298b8ed38	0	0	0	0	0	0	0	0	0	0	11	0	0	0	0	0	0	0	0	0
a380f7c40d99e9bf31fe11f106d9883e	0	0	0	0	0	0	0	0	0	0	0	0	0	0	0	22	0	0	0	21
01b9fd5019f544a251d757a652f85575	0	0	0	0	0	0	0	0	0	0	0	0	0	0	0	8	58	0	0	0
aae6dac133f54774abbcd76efca322c8	0	0	0	0	0	0	44	0	0	0	0	0	0	0	0	0	0	0	0	0
66f756b99ad946ec24a958fb89a45dea	0	0	0	0	0	0	0	0	0	0	0	0	24	0	0	29	0	0	0	0
0758f276424841b44ea4aaab2061246a	0	0	0	0	0	0	0	0	0	0	0	0	0	17	0	0	118	0	0	0
571e183929f49d4a30051114fc692ae4	0	0	0	0	0	0	0	0	0	0	0	0	0	0	0	0	0	0	0	0
7a79761110b254cc7dcf66b052d502a0	0	22	0	0	0	0	0	0	0	0	39	0	0	0	0	0	0	0	0	0
f5befbf3a8fd8225cb37b85312720801	0	0	0	0	0	0	0	0	0	0	0	0	0	0	0	0	0	0	0	62
1de4ca1c51292949e84d168206ba54d5	0	0	0	0	0	0	0	0	0	0	0	0	0	0	0	0	0	12	13	39
bee7a18089a14c658468a8f71ad10793	0	0	0	0	0	0	0	0	0	0	0	0	0	0	0	0	0	0	0	0
cb95ad61dd4f28aba3ab6f448fe82e4d	0	0	0	0	0	0	0	0	0	0	0	0	0	0	0	0	11	0	0	0
fa6be2988277b340661c67858ce0ef10	0	0	0	0	0	0	0	0	0	0	0	0	0	0	0	0	0	0	29	0
b9c4124568145571a46007e66ef30ee1	0	0	0	0	0	0	0	0	0	0	0	0	0	0	0	0	0	0	0	0
9f33c9ca6b271bf2a2d6bf14373ba1cd	0	0	0	0	0	0	0	0	0	0	0	0	0	30	0	0	33	0	0	0
5c8e5a64b644650ad4173c9e7d012e83	0	0	0	0	0	0	0	0	0	0	0	0	0	48	0	0	0	0	0	0
78a9ade298e384207d3ebe1e33399980	0	0	0	29	0	0	0	0	0	0	0	0	27	480	0	0	0	0	160	0
f647f3435169faf0f2bd07394714d3bb	0	24	0	0	0	0	0	0	0	0	39	0	0	0	0	23	0	0	0	0
4aa6c856ba2fddd03120b92284072304	0	0	0	0	0	0	0	0	0	0	0	0	0	0	0	0	0	0	0	0
01ce8624b5f72c4af723f7632bc059d8	0	0	0	0	0	0	0	0	0	0	0	0	0	0	0	0	9	6	8	25
c78b4eff98ee648b80b09c68867be26b	0	0	0	0	0	0	0	0	0	0	0	0	0	0	0	0	0	0	0	0
60628d489b5f833cdd7d8113f7375ef7	0	0	0	0	0	0	0	0	0	0	0	0	0	0	0	0	0	0	0	8
d530d67b5485d65d9ad9c435d9e64c0c	0	17	0	0	0	0	93	0	0	0	48	0	0	0	0	0	611	0	0	289
04b1e5208aa616291348bf83ef588368	0	0	0	0	0	0	0	0	0	0	0	0	0	0	0	0	30	0	0	56
fc7fe8a11f8601769081bf1e9a67fc5a	0	23	0	0	9	0	7	0	0	0	29	35	8	0	529	58	139	223	72	201
5189fc9a3bae2857bba38fd752d9fc35	0	0	0	0	0	0	0	0	0	0	0	0	0	0	0	0	0	79	0	24
bfbee9b98187b68877a3dbe2f4f2abca	0	0	0	0	0	0	0	0	0	0	0	0	0	38	0	100	0	116	45	0
a31b8bc30e79657573910e8a7247e406	0	7	0	0	0	0	0	0	0	0	4	0	0	0	0	0	0	0	0	13
263ae960e16ea7b3818617acc04423c1	0	0	0	0	0	0	0	0	0	0	0	0	0	0	0	0	0	0	0	15
e2e4cb81137eba477145c34faddf9a4a	0	0	0	0	0	0	0	0	0	0	0	0	0	0	0	0	0	0	0	0
32ca79006a9ddc77aa45f94fd4f65600	0	0	0	0	0	0	0	0	0	0	0	0	0	0	0	0	0	18	17	0
28817c168fec076cefcab87ec54fd0a2	0	0	0	0	0	0	0	0	0	0	0	0	0	0	0	56	0	0	0	0
485637007c45f1cfeda9f4bb0533209b	0	5	0	0	0	0	0	0	0	0	0	0	0	0	0	0	0	0	0	0
e30b930baec22de45d2af23695a76350	0	8	0	0	0	0	55	0	0	0	30	30	39	0	0	185	528	306	117	103
20bd538f537d0bac823e37c6a5ee460b	0	0	0	0	0	0	0	0	0	0	0	0	0	5	0	0	0	25	0	0
6a5b4e192fbac5755f576b62513141fd	0	0	0	0	0	0	0	0	0	0	0	0	0	0	0	0	0	0	0	0
0bf0743fbbcffbbcebe02a5d565231ef	0	0	0	0	0	0	0	0	0	0	0	0	0	0	0	0	0	0	0	0
c51b2c7d89498ef7846a57a866d4a43b	0	0	0	0	0	0	0	0	0	0	0	0	0	0	0	0	0	0	0	38
8e2781fd62b3238924cd6d8ac3332f5f	0	0	0	0	0	0	0	0	0	0	0	0	0	0	0	0	0	106	0	0
6f9e824c4fa889453c7642dab61f038f	0	0	0	0	0	0	0	0	0	0	0	13	0	0	0	0	0	0	0	0
578d97f0da98eaa5e88732e72e5b3652	0	0	0	0	0	0	0	0	0	0	0	14	0	0	0	0	0	0	0	0
1c49d482f2a084aa501c40a06156b8c2	0	0	0	0	0	0	0	0	0	0	0	0	0	0	0	0	43	0	0	0
83f84b4d9a3da587cf991f6393e6d25b	0	0	0	0	0	0	0	0	0	0	0	0	0	0	0	0	7	0	0	0
6c03b06d543f32721c9e0014c9f9ceac	0	0	0	0	0	0	0	0	0	0	0	0	0	0	0	0	16	0	0	18
675ff6627272028b678fc6742e0dafcb	0	0	0	0	0	0	0	0	0	0	0	0	0	0	3	0	0	0	0	0
b9118c22281dc72a1b9e452ea85d6f1a	0	0	0	0	0	0	11	0	0	0	0	0	0	0	0	0	110	66	0	69
1d2c06f141cd8e2820c0220ffac2e557	0	0	0	0	0	0	0	0	0	0	9	0	59	0	0	0	0	99	69	0
fb75fa1fac5ad54c9d64c653e50a7126	0	0	0	0	0	0	0	0	0	0	0	0	0	0	0	0	0	0	0	0
6b655991ecdc9dd3db60b48818055542	0	0	0	0	0	0	0	0	0	0	0	0	0	0	0	0	0	0	0	0
2d0f90a006b590a7dea301742f108551	0	0	0	0	0	0	0	0	0	0	0	0	48	0	0	0	0	0	0	0
e0e562a1f160ebed0b359e973000ecf4	0	21	0	0	0	0	19	0	0	0	18	0	0	0	0	47	248	0	0	0
e91c54f75605800ff097e5f547598e94	0	0	0	0	0	0	0	0	0	0	0	0	0	0	0	0	0	0	0	7
9eb3b9d36383f23e6b655bdb00233576	0	0	0	0	0	0	0	0	0	0	0	0	0	0	0	0	0	0	0	20
5ef438a81a6bba7c617f830d6929ac31	0	0	0	0	0	0	0	0	0	0	0	0	0	0	0	0	0	217	0	0
cdcd7881dd554b7b792ba95f6c2a1194	0	0	0	0	0	0	0	0	0	0	0	0	20	0	0	0	4	0	0	0
356ce0953d91a57722f4df1f729167cc	0	0	0	0	0	0	0	0	0	0	0	14	0	0	0	0	0	20	64	0
1d9db9c30a1e024a6ec028aa48936138	0	0	0	0	0	0	0	0	0	0	0	0	0	0	0	0	0	0	0	0
3cf432ac1676e0a9dbab8d4293dee3b3	0	0	0	0	0	0	0	0	0	0	0	0	0	0	0	0	0	0	0	22
51a875a194307609da18811102b2d9f1	0	0	0	0	0	0	0	0	0	0	5	0	0	51	0	0	0	0	27	0
5e7dbb874052c9f276a5cac401e92d1a	0	0	0	0	0	0	0	0	0	0	0	0	0	0	0	0	0	0	0	0
217158d7d5fc442bb1285d2ed13a9ca8	0	0	0	0	0	0	0	0	0	0	0	0	0	0	0	0	0	0	0	0
f445a976fd1bce6495c30aac7cad9415	0	13	0	0	0	0	0	0	0	0	10	0	0	0	0	0	0	340	0	0
b0688e2f9d2585e352f1efed6aef37a0	0	0	0	0	0	0	0	0	0	0	0	0	0	11	0	0	0	0	0	0
08b1daf8bb4357ce0a7b2b11169578f6	0	0	0	0	0	0	0	0	0	0	0	0	138	0	0	0	0	0	0	0
20ef73f87fb2ae1472df88e024e5e0ce	0	0	0	0	0	0	0	0	0	0	0	0	0	0	0	0	0	87	0	0
2b46baf39a61e4fa04e0b110fca4807b	0	0	0	0	0	0	0	0	0	0	0	0	3	0	0	0	0	0	0	0
115a64008e6d49368ab1fa5f6c84e5df	0	0	0	0	0	0	0	0	0	0	6	0	0	0	0	0	0	0	0	12
a6b7d4e09fba0503525c50e4b01c4251	0	0	0	0	28	0	0	0	0	0	0	0	0	0	201	0	0	0	0	0
208134d9710bcf4724a053b364b131ae	0	0	0	0	0	0	0	0	0	0	0	0	0	0	0	0	0	338	0	0
71920d44dfa9824e20397add5bb2ec38	0	0	0	0	0	0	0	0	0	0	0	17	0	0	0	0	0	0	0	0
6b75e2e7294086dbf4f8b1a1a02b059b	0	15	0	0	0	0	0	0	0	0	11	0	0	0	0	0	0	0	160	0
f846184581cfb27f28e48badbd3cdc2c	0	0	0	0	0	0	0	0	0	0	0	0	0	0	0	0	0	0	0	0
25d0587b5418a36801fc19d861e045fd	0	0	0	0	0	0	0	0	0	0	0	0	0	0	0	0	0	0	0	0
778c2a6d421a18efe00f0ef10c124bf1	0	0	0	0	0	0	0	0	0	0	0	0	0	0	0	0	0	0	0	0
0d1c39644bdf6d6982888e3f445128f7	0	0	0	0	0	0	0	0	0	0	0	0	0	209	0	0	0	277	0	0
67d56863b6dc22da4ea111e7fede63b6	0	0	0	0	0	0	0	0	0	0	0	0	0	0	0	0	0	0	0	0
257a92afa057935fb98fb5fd568c7dd0	0	0	0	0	0	0	0	0	0	0	0	0	0	0	0	0	5	179	0	43
0f6fbcd7be4c9b4035486c2d716f004a	0	0	0	0	0	0	0	0	0	0	0	28	0	0	0	0	0	0	18	9
6f96d81b9fac798e1fc114c43f02fb61	0	0	0	0	0	0	0	0	0	0	0	0	0	0	0	0	52	0	0	0
e4f587a31747b65f06b8b3d04ae2263e	0	0	0	0	0	0	0	0	0	0	0	0	0	0	0	20	0	467	0	0
4b87d617037fa67943dffc6a3c61d1c8	0	0	0	0	0	0	0	0	0	0	0	29	51	0	0	59	0	0	0	0
6739ab5e190f712be793c9aed63e1074	0	47	0	0	0	0	0	0	0	0	73	0	0	0	0	0	0	0	134	0
3138733ffe7327dfee4219cf4a29f2dd	0	0	0	0	0	0	0	0	0	0	0	0	0	0	0	0	60	0	0	0
9a11a1623bc36325255fc04c87900932	0	0	0	0	0	0	0	0	0	0	0	0	0	174	0	75	235	0	0	0
5535381e9cfaab1836d06fc5be4f3af7	0	131	0	0	0	0	0	0	0	0	85	33	0	0	0	0	0	0	0	0
471cb54e3355495ffbd668b1558444c9	0	0	0	0	0	0	0	0	0	0	0	0	12	0	0	0	0	0	0	0
efaee2ba7fe65752f3e0ff00b9695284	0	0	0	0	0	0	0	0	0	0	0	0	0	0	70	0	0	0	0	0
148e92990bdc35868a84c8e339f8b1de	0	0	0	0	0	0	36	0	0	0	0	0	0	0	0	0	0	0	0	0
e389ca68fd1eb42c5c6e0766c3769f26	0	0	0	0	0	0	0	0	0	0	0	0	0	0	0	0	0	10	9	0
7d1d0cf7e437747fd6201a989badc8ad	0	0	0	0	0	0	0	0	0	0	0	0	0	0	0	0	0	0	0	0
967f328c374c431143acd379c70fadf4	0	0	0	0	0	0	0	0	0	0	0	0	0	8	0	0	0	0	0	8
960661d8c98c0a2e42b50de5a7f627e3	0	0	0	0	0	0	0	0	0	0	0	0	0	0	0	0	0	0	0	253
960e3f5e0a77a127181e57adc00e1e1f	0	0	0	0	0	0	0	0	0	0	0	0	41	0	0	0	0	0	0	0
7a9c030261d8fa6e658671debfbe610e	0	0	0	0	0	0	0	0	0	0	0	0	0	83	0	20	0	0	0	0
020735da7f69488e303574c6a67ed6e6	0	0	0	0	0	0	35	0	0	0	0	0	0	0	13	80	1040	1843	0	0
46baae67682a0c41da9b49d732e16907	0	0	0	0	0	0	0	0	0	0	0	117	86	0	0	0	0	0	0	0
4f64e78f1034491d984b8c1693ee22b1	0	0	0	0	0	0	0	0	0	0	0	0	0	25	0	0	9	0	0	617
1fd9e8d639dd485a931f29868c8a5e58	0	0	0	0	0	0	0	0	0	0	0	0	0	0	0	0	0	0	0	77
c17d4b18ef23977e4b8c45e526d9e277	0	0	0	0	0	0	0	0	0	0	0	0	0	0	0	0	0	0	0	37
13145f7761fff8fe14387e399c140328	0	0	0	0	0	0	0	0	0	0	0	0	0	0	0	0	0	50	0	0
f3ad8aeca0d32effd937f5823821bade	0	0	0	37	0	0	80	0	0	0	0	128	0	388	0	575	836	0	448	0
ab4593fe4699d655fe9b01788a130ee7	0	0	0	0	0	0	0	0	0	0	0	3	0	0	0	0	0	0	0	28
4f38747c471b916678b11b424288eba1	0	21	0	5	0	0	4	0	0	0	38	0	0	55	0	0	721	60	0	61
560788bae2dc17a771b4003cd9ea1866	0	0	0	0	0	0	0	0	0	0	0	0	0	0	0	0	8	0	24	9
61b73be75521496d4198f7e56f0a0726	0	0	0	0	0	0	0	0	0	0	0	0	0	0	0	0	0	0	0	0
7aa87d6e9bd171f41aec4ef611e3428c	0	0	0	0	0	0	0	0	0	0	0	0	0	0	0	0	0	0	0	0
bcc00cdff59f22527f0c3bc226a9340a	0	0	0	0	0	0	4	0	0	0	0	8	0	0	0	0	59	0	0	0
43adef5e9364ae2fbaf69edb84d14598	0	0	0	0	0	0	0	0	0	0	0	0	0	0	0	0	0	0	0	0
ad0e14d1e6a778874958f9638649cd17	0	0	0	0	0	0	0	0	0	0	0	0	0	0	0	0	9	0	0	0
f17683910dea3e40f791d0d44174d003	0	0	0	0	0	0	0	0	0	0	0	0	0	0	0	0	0	0	0	63
d70fc0c6e542624355b502ce737f1a2a	0	0	0	0	0	0	0	0	0	0	0	0	0	19	0	0	71	10	0	0
5b417a0a0068c9b6e23752143b558bc4	0	0	50	0	0	6	0	0	18	12	0	0	0	0	0	161	234	108	0	0
80f3fc903c71ae823e4ee8b45580f007	0	0	0	0	0	0	0	0	0	0	0	0	0	0	0	0	0	0	0	0
986517c17e5be4acb13a8eb96bed0bb4	0	0	0	0	0	0	12	0	0	0	0	0	0	0	0	0	70	0	0	0
6dcddab2b62d1515569453ea9be6642e	0	12	0	0	0	0	0	0	0	0	20	0	0	96	0	0	0	332	62	134
892a20bbdc3ce599dc0c5d9f0866c352	0	0	0	11	0	0	0	0	0	0	0	0	0	0	0	0	0	0	0	0
56c2c9d96e4774a310afdf4ad4e049d0	0	53	0	0	0	0	0	0	0	0	33	0	0	0	0	0	0	120	0	0
24c876ef34af41ba90521d2348099d7c	0	0	0	0	0	0	0	0	0	0	0	0	0	0	0	0	0	0	0	14
1db7c4dbaf59c11fc4dd27bcd4f7f2f9	0	0	0	0	0	0	0	0	0	0	0	0	0	25	0	0	0	0	0	0
0bbf49d3eff64a79a671c568daa58d6d	0	0	0	0	0	0	0	0	0	0	0	0	0	0	0	0	0	0	15	0
33aef1d5eadf4d0f258e297b48b74cfa	0	0	0	0	0	0	0	0	0	0	0	0	0	0	0	0	95	0	0	0
5ed7b97946bc979bc21a15670fa068f4	0	0	0	0	0	0	0	0	0	0	0	0	0	0	0	0	0	0	0	0
5d37759a56714216251f50828010d144	0	0	0	0	0	0	0	0	0	0	0	0	0	104	0	0	0	53	0	0
ac3f21250efa6d1af5889703e586a194	0	0	0	0	0	0	0	0	0	0	4	0	0	0	0	0	0	0	10	62
8b276ff1c5e38da39c98a8384fc586ed	0	0	0	0	0	0	0	0	0	0	0	0	0	0	0	0	0	0	0	0
af1fdd3cf299ffe60c3d57783066c26c	0	0	0	0	0	0	0	0	0	0	0	0	0	0	0	0	0	0	0	0
667446b0db633d40a88df69080669733	0	0	0	0	0	0	0	0	0	0	0	8	0	0	0	34	0	35	0	0
7cefbd84096550f928dc50f3213dc415	0	0	0	5	0	0	0	0	0	0	0	0	0	83	0	17	0	0	0	0
f292af08063c1ecf4c4f1a56192cba5a	0	0	0	0	0	0	0	0	0	0	0	0	0	0	0	0	0	0	0	0
15e1d7a39e64b5fe1075fb6725f8342e	0	0	0	0	0	0	0	0	0	0	0	0	0	0	0	87	0	0	0	0
2379abc10838fd9f261a8dbe957c66a2	0	0	0	0	0	0	0	0	0	0	0	0	0	0	0	982	0	0	0	0
2551a01b4acf314e91ff268d350a75c1	0	0	0	0	0	0	0	0	0	0	0	0	0	7	0	0	0	0	0	22
8dff50d63a418eafee877c0d6ca25f78	0	0	0	0	0	0	0	0	0	0	0	0	0	8	0	5	6	0	0	0
41efb340a1fedcce9c7850f2298c06cd	0	0	0	0	0	0	0	0	0	0	0	0	0	0	0	0	0	0	0	0
754dae964be70a01e875eaf5ce53708d	0	0	0	0	0	0	0	0	0	0	0	0	0	0	0	0	0	9	0	0
7c97d9b8bbacc5eef2ad3d0c781791bb	0	0	0	0	0	0	31	0	0	0	0	0	0	0	0	0	167	0	0	0
1f41e37fd56c3b47367e773f8329989a	0	0	0	0	0	0	0	0	0	0	0	0	0	12	0	0	0	0	0	0
eb8821a30557b34eac1cb619bf6bc0ca	0	0	0	0	0	0	0	0	0	0	0	12	0	0	0	15	31	0	0	16
3638f2062c305c79df283ef573a10b97	0	0	0	0	0	0	0	0	0	0	0	0	0	0	0	0	0	0	0	0
6e1cd8cf7f688262a0686d3db320e1ce	0	0	0	0	0	0	0	0	0	0	0	0	0	0	0	0	0	0	6	0
c7593800b8d959a6f9ae62247adf409c	0	0	0	0	0	0	0	0	0	0	0	0	0	0	0	0	0	17	0	0
843aa1d1070890aacad7866947e77e6b	0	0	0	0	0	0	0	0	0	0	0	0	0	0	0	0	0	0	0	0
142c69e721063922564c21c84caf54d1	0	78	0	0	0	0	0	0	0	0	128	0	0	57	0	0	0	0	0	0
d2e9260763d42ee5577341baa9574ac3	0	0	3	0	0	0	0	0	0	0	0	86	0	0	0	6	252	98	32	280
7cf160c614c46fa8a5320008aa36f99c	0	0	0	0	0	0	0	0	0	0	0	0	0	0	0	27	0	0	0	0
08d8a5fcf1dfcd51411bcb1ef83104c9	0	0	0	0	0	0	0	0	0	0	0	0	0	0	0	0	0	166	0	0
0a3a5b91b652845ba4afbbaa491a339e	0	39	0	0	0	0	0	0	0	0	35	0	0	0	0	0	0	0	0	0
cc77264070d2000f68521d96da1dd4d6	0	0	0	0	0	0	0	0	0	0	0	0	0	0	0	0	0	0	20	0
403974b4e512e373b8ee314454f4f41b	0	0	0	0	0	0	0	0	0	0	0	0	0	0	0	0	0	0	0	0
a4c12955c8b869e815284c1b511ac6d0	0	0	0	0	0	0	0	0	0	0	0	0	0	28	0	0	0	0	0	0
91cdcee411bdec1d816fdfdbf6a66581	0	0	0	0	0	0	0	0	0	0	0	0	0	0	0	0	0	0	0	19
f02c5a92a1fa964a4b2e8dddf075df1c	0	0	0	0	0	0	36	0	0	0	0	0	0	90	0	160	552	48	5	0
f969066d93049b8ecc9c4d76e9879c50	0	0	0	0	0	0	0	0	0	0	0	0	0	0	0	0	0	0	12	0
9ae17fe0f9b7b3659c8e0a9a343d5690	0	0	0	0	0	0	0	0	0	0	0	0	0	0	0	0	0	0	13	0
81b50cbc69b355d6a2207d370e9634c5	0	0	0	29	4	0	15	0	0	0	0	24	0	46	118	122	188	0	0	102
e289fe9035a3575d3f1ab134e5810ee5	0	0	0	0	0	0	0	0	0	0	0	0	0	0	20	0	0	0	3100	14
5859c644498bf396619fcca4ed014b8d	0	7	0	0	0	0	0	0	0	0	0	0	0	0	0	0	0	96	0	0
5bbd6726850e3b938ef0b5b9c2493a37	0	0	0	0	0	0	0	0	0	0	0	18	0	91	0	361	146	49	53	72
309c4020c38734a6a988d5fd374363d9	0	9	0	0	0	0	0	0	0	0	10	0	0	16	0	0	0	0	31	40
a233fa6c6e123213ac12c34ae1cb9e8f	0	0	0	0	0	0	0	0	0	0	0	0	0	0	0	0	0	0	0	0
6b02aa41f49f6ecad5487c17c72b6da5	0	0	0	0	0	0	0	0	0	0	0	0	0	0	0	0	30	7	16	0
a3b3b3175a8a2b69184441713be9a802	0	0	0	0	0	0	0	0	0	0	0	0	0	0	0	0	5	378	0	276
9a2bcfc9c1a7db175b04dc33ded04235	0	0	0	0	0	0	0	0	0	0	0	0	0	135	0	0	0	0	0	0
42b427ac622f5e94f4f7f5ae7e214dff	0	0	0	0	0	0	0	0	0	0	0	0	0	0	0	0	0	0	0	29
95d9d76d1d2fde3008a747db043a9719	0	0	0	0	0	0	0	0	0	0	0	0	0	0	0	0	0	14	0	44
32d4a29026b3d623109c6ee640e0199c	0	0	0	0	0	0	0	0	0	0	0	0	0	0	0	0	0	0	0	0
8c508984551f6f08396c2dec9a3c2679	0	0	0	0	0	0	0	0	0	0	0	0	0	0	0	0	0	0	0	0
f31f179c0ba0b9ff9db041d5619e2d48	0	0	0	0	0	0	0	0	0	0	0	0	0	0	0	0	0	0	0	168
d97642e92206649d79c9a5fb8b472443	0	0	0	0	0	0	0	0	0	0	2	0	0	0	0	0	0	0	0	0
97b654d8bd13ca0beef3d7b939d9d455	0	0	0	0	0	0	0	0	0	0	33	99	0	0	0	26	54	0	89	0
5877c67c79efd4017d28baee8a1352d7	0	0	0	0	0	0	0	0	0	0	0	0	0	0	0	0	0	0	0	43
f75fd8bfb39c467d0897129108f0ad28	0	0	0	0	0	0	0	0	0	0	0	0	0	0	0	0	170	0	0	0
664c3ecb8b42dc5e9b16652b6f004db5	0	0	0	0	0	0	0	0	0	0	0	0	0	0	0	0	0	17	0	0
0b2d74187ee30ad7d04b9f622758077a	0	0	0	0	0	0	0	0	0	0	0	0	0	171	0	33	0	47	19	0
3aed36cdc72ec555c7609c7bb4617d38	0	0	0	0	0	0	0	0	0	0	0	8	18	0	0	0	0	18	0	0
7440aa816171ce9e81d9b67d2dda61c6	0	0	0	0	0	0	0	0	0	0	0	0	0	0	10	0	0	501	0	38
8edd3c96e1201a6d99272f35ce2c164f	249	66	0	0	0	0	0	0	0	0	0	0	0	0	0	0	0	0	0	0
fc9724c315b93b916f2d6007af667390	0	0	0	0	0	0	0	0	0	0	0	0	0	0	0	0	0	0	0	0
31de3d22f5b19325735267725f1f49e8	0	29	40	0	0	0	236	0	0	0	0	302	0	12	0	519	2903	31	377	0
4196649257fd20cd08fd841b6ed9203c	0	0	0	0	0	0	0	0	0	0	0	0	0	0	0	0	32	0	0	0
f59c9661f4e154b8d6eadff955089368	0	20	0	9	0	0	0	0	0	0	26	56	67	101	0	364	342	323	210	256
f17f6391e6d085c5db0f9179752904c7	0	0	0	0	0	0	0	0	0	0	0	0	0	0	0	0	0	0	0	0
26f4ddda5b6e0d303457bdb1a23456a5	0	0	0	0	0	0	0	0	0	0	0	0	52	0	0	0	0	0	0	0
4540d2faf9597dc876bde21aef1ec3b7	0	0	0	0	0	0	0	0	0	0	0	0	0	0	0	0	0	0	0	6
3f7a486c64016b4169a894fdd3262dc4	0	0	0	0	0	0	0	0	0	0	0	0	11	27	0	32	68	29	26	0
8e45fca0e463aff5fd678498af03879d	0	0	0	0	0	0	0	0	0	0	0	0	0	0	0	66	0	0	0	0
66e485c1f6331ccae7e3aaabbc7a0a14	0	0	0	0	0	0	0	0	0	0	0	0	0	14	0	0	0	0	0	0
0044dadc0e54f72a1054e350ddee3471	0	0	0	0	0	0	0	0	0	0	0	4	0	0	0	0	0	0	0	0
1c1f0ab8041bbdae7da3ffd06e256d57	0	0	0	0	0	0	0	0	0	0	0	0	0	99	0	0	0	0	0	0
0ac38954ca6b90705ee2a53586a53f7a	0	0	0	0	0	0	18	0	0	0	0	0	0	0	0	0	109	30	0	0
71814b0c8fed7d37021057c12a428b21	0	0	0	0	0	0	0	0	0	0	0	0	0	0	0	4	0	0	0	0
ec6aa03af1f8e694ff91e90f998ce118	0	0	0	0	0	0	0	0	0	0	0	0	0	0	0	0	0	0	0	7
ca45ec4fe48203d6d9b4d397aae755fa	0	0	0	0	0	0	0	0	0	0	23	0	0	0	0	0	0	0	0	0
d464eee613ac4395c8f6ce3943a0f841	0	0	0	0	0	0	0	0	0	0	0	24	0	0	0	0	94	850	92	27
af7dd51c7373cf129ab32fc2b6c604a3	0	38	0	17	0	0	30	0	0	0	28	62	27	449	22	0	351	139	87	1128
dc09964e2dffe33753d6e4f0c010552d	0	0	0	0	0	0	0	0	0	0	0	0	0	0	0	0	0	0	0	0
f02f4c216369c6a2e4ee447ffe47fddd	0	0	0	0	0	0	0	0	0	0	0	0	0	0	29	0	0	0	0	0
b675ce9716b30456cf071d677162241a	0	0	0	0	0	0	0	0	0	0	0	0	0	0	0	0	0	0	0	0
9dbf6a5fc70a3bf758eedd60ed72e2a4	0	0	0	0	0	0	0	0	0	0	0	0	0	23	0	11	0	31	0	0
df5c1ef25ab497ab767dcbb6be082f83	0	0	0	0	0	0	29	0	0	0	0	0	0	0	33	167	270	296	0	315
8daf54ff6c37c6570e7640894cbd1aa4	0	0	0	0	0	0	0	0	0	0	0	0	0	0	0	0	0	0	0	0
7b44e40a89e8574655471cc3be7860ab	0	0	0	0	0	0	0	0	0	0	0	0	0	35	0	30	0	0	0	0
c23a55ffc930bbdfbffb838cc63c3c06	0	0	0	0	0	0	0	0	0	0	0	0	0	0	0	0	0	0	0	0
721d6345b84d6768b72ee1b3a4ab84f4	0	0	0	0	0	0	0	0	0	0	0	12	0	188	0	0	0	38	38	164
f80b86458a57e36db032eb798274d2d0	0	0	0	0	0	0	0	0	0	0	0	12	0	0	0	0	0	0	0	0
157e89624b31f9270751ab769c8d62e3	0	0	0	0	0	0	0	0	0	0	0	0	0	0	0	0	0	79	0	23
7d0f44c15da83b757bf82a4b0929827b	0	0	0	0	0	0	0	0	0	0	0	0	0	0	0	0	0	0	0	0
bf1a818b12cb26b87437b02ddb111100	0	0	0	0	0	0	0	0	0	0	0	0	34	0	0	0	0	0	0	0
e084c4e1efb25dda73727706dad2f9c0	0	0	0	0	0	0	0	0	0	0	0	0	0	73	0	0	0	0	0	0
2feaccb8d3399862c1622146a7ed5d21	0	0	0	0	0	0	0	0	0	0	0	0	0	0	0	0	0	0	0	0
537dffd5a7c5be5e467fdb4d703022fb	0	0	0	0	0	0	0	0	0	0	0	0	0	0	0	0	0	0	0	0
d99924af79100800edeba6e420aab4fb	0	0	0	0	0	0	0	0	0	0	0	0	0	20	0	0	0	0	0	0
ffe8a4e4d29663d84bc20fece48d5047	0	0	0	0	0	0	0	0	0	0	0	0	0	0	0	20	0	0	0	0
e9fc33d0bed4581c93256a43e4c9d176	0	0	0	0	0	0	0	0	0	0	0	0	0	7	0	0	0	0	0	0
f7ac00fde65dc7cc52461ee8fcccd69e	0	0	0	0	0	0	0	0	0	0	0	0	8	0	0	0	177	0	0	0
ecce0c1eb26c4aab64fe3949f0a0fc7b	0	0	0	0	0	0	0	0	0	0	0	0	0	0	0	0	0	0	0	255
d44532ddd05c25fdbcb2a8ed35e7951e	0	35	0	0	0	0	0	0	0	0	22	0	38	101	0	153	0	0	0	207
f04a029a175f31779bb6a101c845618d	0	0	0	0	0	0	70	0	0	0	0	67	0	0	0	0	879	0	477	737
ceee4259d57ee737e9b49c5dfe936bcb	0	0	0	0	0	0	0	0	0	0	0	0	0	0	0	0	0	0	41	81
6747ef5626bbb183a2e5db72380e9428	0	0	0	0	0	0	0	0	0	0	0	0	0	0	0	0	0	132	0	0
9ed28dc9769aee6c3ac1fd95d60d87d0	0	0	0	0	0	0	0	0	0	0	33	0	0	0	0	0	0	0	0	0
f66afcd905d973b9daa38dcdbd569546	0	0	0	0	0	0	0	0	0	0	0	0	0	0	0	0	0	618	0	0
bf552fb5591f8185ae58a12e54e1d20a	0	0	0	0	0	0	0	0	0	0	0	0	0	0	0	0	0	323	0	489
486961856cb4100b129e505707556097	0	0	0	0	0	0	0	0	0	0	0	7	0	0	0	0	0	0	0	0
1fb6da3053c51de1ce8b5b8d754bbd6c	0	12	0	0	0	0	0	0	0	0	13	18	0	65	0	48	0	97	64	63
b41d97ca68cf51f744fc90199fccee14	0	0	0	0	0	0	0	0	0	0	0	0	0	0	0	0	287	0	0	0
c08489e007517659fe9112a4f25adf87	0	0	0	0	0	0	0	0	0	0	0	0	0	0	0	0	0	0	0	89
744d9f0fc700fd631a47dccf094e1423	0	0	0	0	0	0	0	0	0	0	0	0	0	41	0	0	76	0	0	0
1e9af00fabf4fa7e115e048b2fa8a0a7	0	0	0	0	0	0	0	0	0	0	0	0	21	0	0	0	0	0	0	0
12a0ad84259c089c23615284b45e6738	0	0	0	0	0	0	0	0	0	0	0	0	0	10	0	0	0	0	0	0
f7376ee1bcfce9c75540bfd83b6a64bc	0	0	0	0	0	0	0	0	0	0	0	0	0	0	0	0	42	0	0	0
96bb6cb29fc6697eda7aae48f3a0fae3	0	0	0	0	0	0	0	0	0	0	0	13	0	0	0	0	0	93	0	0
7046389df4f010e281130ee94e13e6e5	0	0	0	0	0	0	22	0	0	0	0	0	18	0	0	0	52	0	0	61
2de6fd16f902fecc570a6737fc6d9856	0	0	0	0	0	0	0	0	0	0	0	0	0	0	0	0	0	69	0	0
9f8d089df22b6701202846a493cceb83	0	0	0	0	0	0	0	0	0	0	0	0	0	0	0	4	0	0	0	0
c06c5fa4b6cad31ca0e61c9cfac664b7	0	0	0	0	0	0	0	0	0	0	0	0	0	0	0	0	0	0	0	94
3e0b3ac5f5dee1f79ee3f072f3346166	0	0	0	0	0	0	0	0	0	0	0	0	0	0	0	148	0	0	0	0
ab986e8ae847db74a8ff7d1bf5f71b45	0	0	0	0	0	0	0	0	0	0	0	0	0	0	0	0	0	0	0	0
c23eb490051dbcc6adeba03a382a657e	0	0	0	0	0	0	0	0	0	0	0	0	0	0	0	0	0	36	14	0
0b75b287b26e29e57b99fef760332820	0	0	0	0	0	0	0	0	0	0	0	0	0	13	0	0	0	0	10	0
12b34ecb8a3cfa4e69f8d480f1f211ec	0	0	0	0	0	0	0	0	0	0	0	0	0	11	0	0	0	0	0	0
30b74bea9fd85e5c58cbba2378e58b59	0	0	0	0	0	0	0	0	0	0	0	0	0	0	0	0	0	0	0	74
5e84c418cf9c873bfc327b8bb46d3062	0	0	0	0	0	0	0	0	0	0	0	0	0	0	0	32	0	0	0	0
15c09e58fd41a93409d1367e4831e62e	0	0	0	0	0	0	0	0	0	0	0	0	0	0	0	0	0	0	121	0
b7450a59fcbf0a0f86ceda33073d70a2	0	0	0	0	0	0	0	0	0	0	0	0	19	8	0	114	0	0	0	0
7a2db98e8c94c44f3195e24235011fc5	0	0	0	0	0	0	0	0	0	0	0	0	0	0	0	0	0	182	0	0
753e95e0f25adeffe00ef1b0b2163738	0	0	0	0	0	0	0	0	0	0	0	0	72	0	0	0	0	72	0	458
0fb3cb77b4faa6c5c0c0751df79bc499	0	0	0	0	0	0	0	0	0	0	0	0	0	0	0	0	0	21	0	18
fbda73f20d8c7e827a5e18e519aa4bf4	0	20	0	0	0	0	0	0	0	0	19	0	0	9	0	0	0	4	0	0
78c466cb12cf3cddde3612351fb71a30	0	0	0	0	0	0	0	0	0	0	0	0	0	0	0	0	0	12	0	0
d7cc78eb2dce412c6b61b87f207f1b9d	0	0	0	0	0	0	0	0	0	0	0	0	0	0	0	0	178	0	56	0
ef66044da476f2e1f7c166bf488bc787	0	0	0	0	0	0	0	0	0	0	0	0	0	0	0	0	0	0	0	373
613f38d7296ca565b19118f0c7e6dc66	0	0	0	0	0	0	0	0	0	0	0	0	0	202	0	0	0	0	0	0
3eb37b3c38e5a8a0ad044b8b348d36df	0	0	0	0	0	0	18	0	0	0	0	0	26	0	0	0	55	0	30	45
660b0d2832803106c4d67836c0c7163e	0	0	0	0	0	0	0	0	0	0	0	0	0	242	0	171	0	0	0	0
b02a8d33d018119dedb2db15db887bfd	0	0	0	0	0	0	0	0	0	0	0	0	0	0	0	0	0	0	0	0
6ef9e9d60840d69da818f44c08f18516	0	0	0	0	0	0	0	0	0	0	0	0	0	13	0	0	0	0	0	83
cfe96d2865b918b7f4b46a41d3831fb0	0	0	0	0	0	0	0	0	0	0	0	0	0	170	0	64	0	0	0	0
5319056937d09195de49019547148d9d	0	0	0	238	0	0	0	0	0	0	0	0	0	4037	11	0	0	12	0	0
73209d4b67b45ada496e699f240fcce3	0	0	0	0	0	0	0	0	0	0	0	0	0	44	0	0	0	22	0	0
ca329a9bc16237ef1a59e85ad09eb7f3	0	0	0	0	0	0	13	0	0	0	0	0	0	0	0	0	134	0	0	58
8cb24777cb48dde0aac60dfeca125d10	0	0	0	0	0	0	0	0	0	0	0	0	0	0	0	0	0	0	0	0
45a2d8a5b92db41834876b216f9c0763	0	0	0	0	0	0	0	0	0	0	0	0	0	0	0	0	0	0	0	0
b036dc56777f4fdbc1ef802d8880af87	0	0	0	0	0	0	0	0	0	0	0	0	0	0	0	0	0	0	0	0
b18c739aa645c80e7508fe6bc04f53bd	0	0	0	0	0	0	0	0	0	0	0	0	0	11	0	0	0	0	0	0
df829f8d3288011e9fbef9d3511e2e4c	0	0	0	0	0	0	0	0	0	0	0	0	0	0	0	69	64	10	7	0
2091286c7db3d8981f6f1e1f5e626ce9	0	0	0	0	0	0	0	0	0	0	0	0	0	9	0	0	0	23	0	0
edd16f3631fc6f63cd11403a4e133dd2	0	0	0	0	0	0	0	0	0	0	0	0	7	0	0	0	0	0	0	0
10220f6235ca68cf7ffced9e22e78db9	0	0	0	0	0	0	0	0	0	0	0	0	0	0	0	0	0	7	0	0
83ec17c8ff3a35fa17e6b01f3a60bb07	0	0	0	0	0	0	0	0	0	0	0	0	0	0	0	0	0	0	0	161
e286013202dbdb3e761d361fd76bdfff	0	0	0	0	0	0	0	0	0	0	0	0	0	0	0	0	0	0	0	269
87cc51859facc881d27dabc8a3f77c23	0	0	0	0	0	0	0	0	0	0	0	0	0	24	0	0	0	0	0	35
ec737d9ea753049e0c2e63f3a14d0145	0	0	0	0	0	0	0	0	0	0	0	21	0	0	0	0	0	0	0	0
ac5251efcd4ddf4df090cd699f5741e1	0	0	0	0	0	0	0	0	0	0	0	0	0	79	0	0	0	40	0	0
4079b0fae2eba4573ccadeaef7517a1c	0	74	0	0	0	0	0	0	0	0	145	0	0	145	0	48	50	0	0	0
696395bda0452d89689b116ca1d446f2	0	24	0	0	0	0	0	0	0	0	0	28	0	0	0	0	0	0	0	0
3800e81f06f12e70cb2af581780d9291	0	0	0	0	0	0	0	0	0	0	0	0	0	0	0	0	5	0	0	0
cdd34c161813f6bb82f0815a945f8bce	0	7	0	0	0	0	0	0	0	0	16	13	0	29	0	160	0	21	65	0
1449ee9ed945a52a3e1a27aa23d46d9f	0	0	0	0	0	0	0	0	0	0	0	0	0	73	0	4	0	97	0	0
f32482627ed84b6d77261b8cc43a40ea	0	0	0	0	0	0	0	0	0	0	0	0	0	0	0	0	7	0	0	0
d7f7c3c81c63fe425434c65d575d4287	0	0	0	0	0	0	0	0	0	0	0	29	0	19	0	0	0	59	0	0
86fd0747cc3d415d1facf54902783f77	0	0	0	0	0	0	0	0	0	0	14	0	0	0	0	0	89	15	0	0
a166307ef279ef331eff4d83b86dbb0b	0	0	0	0	0	0	0	0	0	0	0	0	0	0	0	0	0	0	0	0
edc714384e7ca169071020b7bb43a87e	0	0	0	0	0	0	0	0	0	0	0	0	0	274	0	391	0	0	0	0
50dc75c87a8dd0153a77348346ac8b51	0	0	0	0	0	0	0	0	0	0	0	0	0	0	0	0	0	0	0	249
18140dbb3d23f65bc14e50886027a4fa	0	0	0	0	0	0	0	0	0	0	0	0	0	0	0	0	0	0	0	0
984c2601b5fd2e5e8503e3900de161c5	0	0	0	0	0	0	0	0	0	0	0	0	0	0	0	0	0	0	0	0
1d2ad94e29f958bb8a3166d3dd57f549	0	0	0	0	0	0	0	0	0	0	0	0	0	0	0	0	0	0	0	0
d44dddcaae9bdd8e9e2748d0d25b3386	0	0	0	0	0	0	0	0	0	0	0	0	0	0	0	0	0	0	0	0
90e38fe6b561a8f7d97340976b05d0cd	0	0	0	0	0	0	0	0	0	0	0	0	19	18	0	120	54	57	0	0
f9936d30f446c30a8fa05f1d8bdd5884	0	0	0	0	0	0	0	0	0	0	0	0	0	0	0	0	0	0	0	0
746445ddc51b056a89420d89ffc2126f	0	0	0	0	0	0	0	0	0	0	0	0	0	0	0	0	0	0	53	0
d5b3f9008b675796e5ae3dcc88065e93	0	0	0	0	0	0	0	0	0	0	0	13	0	194	0	0	0	95	0	0
2f5ec89a25d4b087dc0c00ffa4ba8946	0	49	0	0	0	0	0	0	0	0	66	0	0	86	0	66	0	392	0	0
b9d88415152fcda9c932b5038c90ab54	0	0	0	0	0	0	0	0	0	0	0	0	0	0	0	0	192	0	0	98
c8fbe2a84510b1b0bf4a47278df6dd75	0	0	0	0	0	0	0	0	0	0	0	0	0	0	0	0	0	0	52	0
8178a8dbeb094d9ade02d6367db75658	0	0	0	0	0	0	0	0	0	0	0	0	9	0	0	0	0	0	0	0
8f1121093ff004eeff2530a8cfe5f064	0	0	0	0	0	0	0	0	0	0	0	0	0	0	0	0	0	0	0	0
2805977012caad4e2d748092073b30fb	0	0	0	0	0	0	0	0	0	0	0	0	0	0	0	0	28	0	0	0
5b6367adcf3124df5f04f4d3623837b9	0	0	0	0	0	0	0	0	0	0	0	0	0	0	0	0	0	0	0	0
d28f786ab23c2b1f2a85c09a2200f623	0	0	0	0	0	0	0	0	0	0	0	0	0	0	0	0	48	125	0	145
4d47b0f9bd00852e8148fcfcead25c70	0	27	12	17	0	0	0	0	0	0	33	38	0	472	0	10	0	451	0	0
5523dee12dc4794171906e29d84b6b5f	0	0	0	0	0	0	0	0	0	0	0	0	0	0	0	0	100	0	0	0
d805ca9cd4cf10195e8fe4a968b74bf5	0	0	0	0	0	0	0	0	0	0	0	16	5	0	0	0	46	0	0	183
64391f896d10860b9b9d580437cf9f37	0	0	0	0	0	0	0	0	0	0	0	10	0	0	0	0	0	0	0	0
78c04e6690df9f7c6b8173c569cd0090	0	0	0	0	0	0	0	0	0	0	0	0	0	0	0	0	0	0	0	55
39981df274a02e4193b26caec4b9c341	0	0	0	0	0	0	0	0	0	0	0	0	0	0	0	0	9	0	0	0
0d8501b9e1e4fb0ee833387c23e5de33	0	0	0	0	0	0	0	0	0	0	0	0	0	0	0	0	0	0	0	0
b5f20ad8df3219180c789ad093895388	0	0	0	0	0	0	0	0	0	0	0	0	0	0	0	0	0	0	0	94
b7ea37ac8dd3468fac014effec9456ec	0	0	0	0	0	0	0	0	0	0	0	0	0	0	0	28	0	0	0	0
377ff3ff9fbf22a06fd866a79e43cd88	0	0	0	0	0	0	0	0	0	0	0	0	0	0	0	0	0	0	21	0
dbf99967afbb514fcda7420bd4e48de6	0	0	0	0	0	0	0	0	0	0	0	45	13	0	0	0	0	0	0	0
9f21b120523941864d5c78016e4fae9d	0	0	0	0	0	0	0	0	0	0	0	0	0	271	0	62	56	0	62	0
66cc84e7a2dde12e914ce561f02baf4c	0	0	0	0	0	0	0	0	0	0	0	0	0	0	0	0	0	0	0	806
9b6ef79f1a38a995831ace1c0dbe4356	0	0	0	0	0	0	0	0	0	0	0	0	0	0	0	0	0	0	0	0
104f537496b13aa1b1195d65cf815447	0	0	0	0	0	0	0	0	0	0	12	32	0	0	0	0	36	0	0	0
7b6cf08b6602525d23e012b949495429	0	0	0	0	0	0	0	0	0	0	0	0	0	0	0	0	0	0	0	0
e77d80278ef51c5f6f4afbc72e25ede0	0	0	0	0	0	0	0	0	0	0	0	0	0	0	0	0	0	0	0	0
49b5e3a2b5d5cc6397730610bc0feb1f	0	0	0	0	0	0	0	0	0	0	13	49	0	0	0	85	99	114	65	0
a15a81e782c92b760485857c5d2166a1	0	0	0	0	0	0	0	0	0	0	0	0	0	23	0	0	19	0	0	41
5b5b53b8708c113e31da34e4fe5aeddc	0	0	0	0	0	0	0	0	0	0	0	0	0	0	0	0	0	0	0	16
44c22d5e6f129db367745f72d3a1b735	0	0	0	0	0	0	0	0	0	0	0	0	0	0	0	0	0	0	0	95
6c5692fc0f67ccdf8e2a28efdff18788	0	0	0	0	0	0	0	0	0	0	0	0	0	66	0	0	0	411	62	115
c72bf1fb26186e069fc56ee6037e0cbc	0	0	0	0	0	0	0	0	0	0	0	0	0	0	0	0	77	0	0	0
185fd6712a5945cd40c13e3757bac95d	0	0	0	0	0	0	0	0	0	0	0	0	0	0	0	0	0	0	0	0
bd6383169ddd32592a82ccdb7511c186	0	0	0	0	0	0	0	0	0	0	0	0	0	0	0	0	0	0	0	0
ac71d370f1ead9415e93563ce514564a	0	0	0	0	0	0	0	0	0	0	0	0	0	0	0	0	0	0	35	0
e24fe985418e6792fe710b50d9a94275	0	0	0	0	0	0	0	0	0	0	0	0	0	0	0	0	0	14	0	10
2b1db7c61d372cadb64fa6ec6615bfb7	0	39	0	0	0	0	0	0	0	0	87	0	0	0	0	0	0	0	0	0
4e9bc765a49a7d651ca46be858b63ecd	0	0	0	0	0	0	0	0	0	0	0	0	0	0	0	0	0	162	0	0
7f27fc3e61be7440e3bed985efbaf107	0	0	0	0	0	0	0	0	0	0	0	0	0	0	0	0	0	23	23	184
141fde2384bba13b1d89a916d250873e	0	0	0	0	0	0	40	0	0	0	0	0	0	0	0	0	512	113	73	0
27cf0e8e13806b9693b8179fdcc741ec	0	0	0	0	0	0	0	0	0	0	0	0	0	0	0	0	36	26	0	0
540a028b1f8b30d0977a2319c842d036	0	0	0	0	0	0	0	0	0	0	0	0	0	0	0	0	0	369	0	0
906194542e0e0dcf3cdeedbddf62c978	0	0	0	0	0	0	0	0	0	0	0	0	0	0	0	0	0	0	0	50
7786876ab3a71f968071637f19a21263	0	0	0	0	0	0	0	0	0	0	0	0	0	0	0	0	0	11	0	0
825f56a85efbcb4ed603efb4dc210ee3	0	0	0	0	0	0	0	0	0	0	0	0	0	0	0	0	0	17	0	0
4bd481715b3f7d0116fc6629c7f0e02c	0	0	0	0	0	0	0	0	0	0	0	0	0	0	0	0	8	0	0	0
a2c3631b8f9cc7a06aac856a707647e6	0	0	0	0	0	0	0	0	0	0	0	0	87	105	0	148	0	156	247	0
9b87e80986c0de2603e1db2ba4a81e09	0	0	0	0	0	0	0	0	0	0	0	0	0	0	0	0	0	0	0	0
3ae7d1db0bdd038eb619b17613c49d26	0	0	0	17	0	0	0	0	0	0	0	0	78	359	0	10	0	0	0	0
f359d6b12d6df77fce3684238719e6c2	0	0	0	0	0	0	0	0	0	0	0	0	0	0	0	0	0	0	0	0
22be5d44baaebd16725f9a6ab35cb37c	0	0	0	0	0	0	0	0	0	0	0	0	0	0	0	0	0	0	0	25
7e73db4de58d113d7deb1bc4673148d0	0	0	0	0	0	0	0	0	0	0	0	0	32	0	0	0	0	154	0	10
51330b83d8ceb52a56a52a0ef2faa3ef	0	0	0	0	0	0	0	0	0	0	0	0	0	0	0	0	0	0	0	0
8d357b1723876b6866f806c8c083fd2b	0	0	0	0	0	0	0	0	0	0	0	0	0	0	0	0	8	0	0	0
715b9857cdae34d5dc6c3efc277ede02	0	18	0	0	0	0	0	0	0	0	0	0	0	57	0	0	0	0	0	0
137e85800beafe497ef216a7de9f074d	0	0	0	0	0	0	0	0	0	0	0	0	0	0	0	0	57	0	0	0
05b7112a722763db3be466798ad4dead	0	0	0	0	0	0	0	0	0	0	0	0	0	0	0	0	0	0	0	18
2d85d1a90dbaf637c6d8ef909672ac45	0	109	0	0	0	0	0	0	0	0	175	0	0	0	0	0	0	526	0	0
de086e49d1a5fa8681fd2ba89c1940e3	0	0	0	0	0	0	0	0	0	0	0	0	0	0	0	0	0	0	9	0
4724f3070c88dabf497f14612afa6e44	0	0	0	0	0	0	0	0	0	0	0	0	0	0	0	0	0	0	0	0
da3f081103c6b69c743caa5283332a40	0	0	0	0	0	0	0	0	0	0	0	0	0	0	0	0	0	0	0	0
7a5b875cf99ddb93b84ed03d5105530d	0	0	0	0	0	0	0	0	0	0	0	0	0	0	0	0	0	0	0	0
24e52442c9ad8cc076c549db61a937d1	0	0	0	0	0	0	0	0	0	0	0	0	0	0	0	0	0	0	0	0
5a4f76ee63375cf6881e17cdbf465996	0	0	0	0	0	0	0	0	0	0	0	0	0	0	0	0	0	0	0	0
92500258688404fc2d85dc9b7140f42b	0	0	0	0	0	0	0	0	0	0	0	0	0	5	0	0	0	0	0	26
445306e98fa77208d9ecc9110ae70f66	0	0	0	0	0	0	0	0	0	0	0	0	0	56	0	96	0	0	0	0
e2f6a531bc64c892b56a06d2aed991f7	0	0	0	0	0	0	0	0	0	0	0	0	0	0	994	0	0	0	0	0
40f30b389cd5b93490960721fc1be1db	0	0	0	0	0	0	0	0	0	0	0	0	0	0	0	0	0	0	110	0
1bb900c6f0a6485e664027768d4dc5b0	0	0	0	0	0	0	0	0	0	0	0	0	0	0	0	0	0	5	0	0
2215fda718f2798e7e94648af4e01b1c	0	0	0	0	0	0	55	0	0	0	0	0	0	0	0	0	51	11	6	0
046a6fb11a3220ff91ca3200bc8666c8	0	0	0	0	0	0	0	0	0	0	0	0	0	0	0	0	0	0	12	0
1f061ca7401a01cf626bb0476b71e375	0	0	0	0	0	0	0	0	0	0	0	0	0	0	0	0	0	0	0	0
da491ddced82bf116892f8b808cd29c9	0	0	0	0	0	0	0	0	0	0	0	0	0	0	0	0	0	0	0	0
486e4d358477c31f374316a46c33dc01	0	0	0	0	0	0	0	0	0	0	0	0	0	0	0	0	0	0	0	0
8db81a0f5611bff651c98da5708dc82a	0	0	0	0	0	0	37	0	0	0	0	64	54	0	0	298	87	1185	21	26
b84099ceb41d082eab842ebaef396b9d	0	0	0	0	0	0	0	0	0	0	0	0	0	0	36	0	0	0	0	21
59fa75ed541752e6f0cc0e56f3fc1a87	0	0	0	0	0	0	0	0	0	0	0	0	0	238	0	0	0	0	0	0
48614d865284251d0b9c97e1d3dc48a1	0	0	0	0	0	0	0	0	0	0	0	0	0	0	0	0	27	0	0	46
2c205d73885447f37a646b678b3d39a1	0	0	0	0	0	0	23	0	0	0	0	7	0	0	0	0	94	0	8	0
11f5b8400f62b553508e1f2acb9b200f	0	0	0	0	0	0	0	0	0	0	2	0	0	0	0	0	0	0	0	0
51b224aaaa2b247327e1b96a8305889a	0	17	0	0	0	0	0	0	0	0	0	0	0	0	0	0	0	0	30	0
927293004bc9266864f35d9a3fdf0295	0	19	0	0	0	0	0	0	0	0	0	32	0	0	0	0	0	0	0	336
2218f1c43fbb9db84f666ac0eaa63396	0	0	0	0	0	0	36	0	0	0	0	0	0	0	0	0	12	0	0	0
2c5b8ed49a4befa94a4a6ad6df2375c8	0	0	0	0	0	0	0	0	0	0	0	0	0	0	0	58	0	0	0	0
f18e2e97751ea86f6d3f1fbf8cee22b8	0	0	0	0	0	0	0	0	0	0	0	0	0	0	0	2	0	0	0	0
cc49123a78b741b8718c09063e705069	0	0	0	0	0	0	0	0	0	0	0	0	0	0	0	0	0	0	0	0
07d4acc8a2ea286d7c9751cdc3d7a9c4	0	0	0	0	0	0	0	0	0	0	0	0	0	0	0	0	0	0	0	13
2fe34d37782a66fffe2df27ee9516c30	0	0	0	0	0	0	0	0	0	0	0	0	0	17	0	0	0	0	0	0
39193b79988a35fca321acbe49b1bfe9	0	0	0	0	0	0	0	0	0	0	0	9	0	0	0	0	0	0	0	0
feb135e2f2afcd515a4a6aa26c001cf3	0	0	0	0	0	0	0	0	0	0	0	0	0	0	0	0	0	0	0	0
7287427f86d2bf4fe9ecd589ca70f9a3	0	0	0	0	0	0	0	0	0	0	0	0	0	0	0	0	0	0	41	0
ff13f62d60599e072bcf022c99990c98	0	0	0	0	0	0	0	0	0	0	0	0	0	254	0	371	0	0	0	0
1eb2ca53e11df53b3a0483c7c0a3bc3c	0	0	0	0	0	0	0	0	0	0	0	0	15	0	0	0	0	0	0	0
66f80e9c8a8e76e7e2fb2a3676214052	0	0	0	0	0	0	0	0	0	0	0	0	40	0	0	0	0	0	81	0
21f770ea50b923dfb312c8c96cc12b28	0	0	0	0	0	0	0	0	0	0	0	0	0	0	0	0	0	36	0	0
4266953c1a29490851db51b35657d95f	0	0	0	0	0	0	0	0	0	0	0	0	0	0	0	0	0	41	59	0
772fd0d0e9fa8fcf6b15e320a350ea60	0	0	0	0	0	0	0	0	0	0	0	0	0	0	0	0	0	0	0	0
bb80c260418f03e3e2238c2f4adbc3ae	0	0	0	0	0	0	816	0	0	0	0	40	0	0	0	166	419	0	90	0
33912d87bf459f6d72002098f6f232a9	0	0	0	0	0	0	0	0	0	0	0	0	0	0	0	0	0	0	0	0
ff6daec569f11e8ecd88a1eb1f6d0678	0	5	0	0	0	0	0	0	0	0	0	61	16	23	0	178	61	144	85	25
3164787fd6a6f25b34cac40365465294	0	0	0	0	0	0	0	0	0	0	0	0	0	0	0	0	0	0	0	0
ba9b206981921e7b165020e9de2549c9	0	0	0	0	0	0	29	0	0	0	0	0	0	0	134	0	84	11	26	0
dea3d6e4513b30d28338b648f9833f65	0	0	0	0	0	0	0	0	0	0	0	0	0	0	0	294	0	0	88	0
501ef6cc75fb160180e332ba60a60df8	0	0	58	441	1092	1139	1692	0	3099	1567	0	0	0	0	3430	48	232	0	195	174
73d36dd23f1e0f5035a5f21ffd702369	0	0	0	0	0	0	0	0	0	0	0	0	0	0	0	15	0	0	0	632
3191e85d748fe67fda3951f583df5e4a	0	0	0	0	0	0	0	0	0	0	0	0	0	0	0	0	0	0	0	0
2614ff103faac8c9aa473841136279c8	0	0	0	0	0	0	0	0	0	0	0	0	0	28	0	0	0	0	0	26
902f6c6217e60e163cba8cb3f41be48b	0	0	0	0	0	0	0	0	0	0	0	0	0	0	0	0	0	0	0	0
7f10fcb22af8ac226a457cdf2d26f4d4	0	0	0	0	0	0	0	0	0	0	0	0	0	0	0	15	0	0	0	0
43940f4669e4b916012bf71390bd9a5e	0	0	0	0	0	0	0	0	0	0	0	0	0	0	0	0	0	0	0	0
60e1a49d946a4be5c59e62c73468950d	0	0	0	0	0	0	0	0	0	0	0	0	0	0	17	0	35	3509	0	0
30a62605d431cd5178fed1e551911803	0	0	0	0	0	0	0	0	0	0	0	5	0	61	0	0	0	0	0	0
0d29df19970ea905afe22be7949d0b3d	0	0	0	0	0	0	0	0	0	0	0	0	0	0	0	0	0	0	0	0
66f7706f6b80518817ebabf12540b752	0	0	0	0	0	0	0	0	0	0	0	0	0	0	0	9	0	0	19	0
a0fa0fdb5e8d8c8598d96bbbff1a1ff4	0	0	0	0	0	0	0	0	0	0	0	0	0	0	0	0	0	0	0	0
0e8170ec4f020054ac7bb71e37053f60	0	0	0	0	0	0	40	0	0	0	0	0	0	0	0	0	300	0	0	0
a4b18973e8b03c117bcc0c3c68dabf11	0	0	0	0	0	0	0	0	0	0	0	0	0	0	0	0	0	0	0	0
82a223ee6574024f2a4a932521288874	0	0	0	0	0	0	0	0	0	0	0	15	0	0	0	0	0	0	0	0
897b0ded4eb8d5d4ef051775aea41d64	0	0	0	0	0	0	0	0	0	0	0	0	0	0	0	0	0	0	0	81
f99124d039753bedb5a091243aad9540	0	0	0	0	0	0	0	0	0	0	0	0	0	28	0	0	0	0	0	46
7f8db18bbabfb8502f86536737da9690	0	0	0	0	0	0	0	0	0	0	0	0	0	102	0	0	0	0	0	63
d30c0f6c5d3b2554b4f31c1d43e833dd	0	0	0	0	0	0	0	0	0	0	0	5	0	0	0	0	0	0	0	0
4405cb6204059bb276501fce1c673f36	0	9	0	7	0	0	0	0	0	0	14	4	9	87	0	18	0	167	49	0
e412a7bdbe75c4cbe282f912ab058e1b	0	0	0	0	0	0	0	0	0	0	7	0	0	15	0	0	0	59	0	0
3eed711a75bce4c92f9020700096e94b	0	0	0	0	0	0	0	0	0	0	0	0	0	0	0	0	0	0	0	0
f56e0fc828f43200212ea07749d973d7	0	0	0	0	0	0	0	0	0	0	0	0	0	0	0	0	0	90	0	0
590e9b94fab45093ec15a5b1756ad042	0	11	0	12	0	0	0	0	0	0	21	0	0	99	0	29	0	81	0	0
b7465064ced6e25dfe442718c7bba6e1	0	0	0	0	0	0	0	0	0	0	0	0	0	0	0	0	0	0	0	0
3cf4ab286abd41ce872000ae751d48fa	0	13	0	0	0	0	0	0	0	0	0	0	0	0	0	0	0	0	0	0
a44c052c584461703d02d9328f9e0266	0	0	0	0	0	0	0	0	0	0	0	0	0	0	0	0	0	0	0	12
5b7b2fbfca01f2baa038aac79e09a179	0	0	0	0	0	0	0	0	0	0	0	0	0	0	0	0	0	0	42	0
60c8ae317eaf5030d883332f4853247e	0	0	0	0	0	0	0	0	0	0	0	0	0	0	0	0	0	0	0	9
ed1b6b7fffbf0efa7f9b75b178510954	0	0	0	0	0	0	0	0	0	0	0	0	70	0	0	0	0	38	0	0
82537b9447b8e45afb87940dfcc224e0	0	0	0	0	0	0	0	0	0	0	0	0	0	0	0	0	0	0	0	109
90d4f5e96b0c6fbeac86a9999485f0af	0	0	0	0	0	0	0	0	0	0	0	0	0	0	0	0	11	0	0	0
afee48b3135bdb67d2344480e8e0c7e0	0	0	0	0	0	0	0	0	0	0	0	0	0	0	0	0	0	0	0	0
adedd31c21d7a21459b6ebc017b1096e	0	0	0	0	0	0	0	0	0	0	0	0	0	0	0	0	0	0	0	5
c2a2ef7dd95c6c55b829b709c3fc4616	0	0	0	0	0	0	0	0	0	0	0	0	0	0	0	0	0	0	0	275
c839f5078e31f694b35e0cf6192cb1e0	0	0	0	0	0	0	0	0	0	0	0	0	0	0	0	0	0	0	0	2
49cdb34da89f8e11cef2aaecf1c8ba84	0	0	0	0	0	0	0	0	0	0	0	0	0	0	0	35	0	18	21	0
68f1f0d81464304658e5cee6f2ec1677	0	0	0	0	0	0	0	0	0	0	0	0	0	0	0	0	0	0	0	0
61d32b20e3d50a56ed0d9c7e54adc864	0	0	0	0	0	0	0	0	0	0	0	0	12	12	0	0	92	77	0	14
c1f2221efdfa31794e7181959359efee	0	0	0	0	0	0	0	0	0	0	0	0	0	0	0	0	24	0	0	26
a805db7bddd69c6d8563def917de93ec	0	0	0	0	0	0	0	0	0	0	0	0	0	0	0	0	237	0	0	0
87eef6ae84b449e5c12cafd803ebc54f	0	0	0	0	0	0	0	0	0	0	0	30	0	51	0	0	0	0	0	0
0d9857b8fcc62be1053ffaa57691b89e	0	0	0	0	0	0	0	0	0	0	0	0	0	0	0	0	0	23	0	0
f8f0c3977abe3af894e0907fb3af86f1	0	0	0	0	0	0	0	0	0	0	0	0	0	0	0	0	0	0	0	0
4f313def0b2a4afbb15d6c3ef4dd4177	0	0	0	0	0	0	0	0	0	0	0	0	0	0	0	0	0	0	0	18
0c24f48de613ea0b76809395e0a2bfd6	0	0	0	0	0	0	0	0	0	0	0	0	9	0	0	0	9	21	0	0
f5d4a282207b84e7bb02dacc0df4683b	0	0	0	0	0	0	0	0	0	0	19	0	0	92	0	0	0	0	19	0
72b73fadba5d696412fafea7fcd03abf	0	0	0	0	0	0	0	0	0	0	0	0	0	193	0	0	0	0	0	0
c28931b903989c39570d4a98d37734d3	0	0	0	0	0	0	0	0	0	0	0	0	0	0	0	0	0	0	0	0
585d689251be417ff90bbf0ceefe0913	0	0	0	0	0	0	0	0	0	0	0	0	0	0	0	0	152	185	0	0
c7ff3380601f69e8af1fb02c88a91a24	0	0	0	0	0	0	0	0	0	0	0	0	0	0	0	0	16	8	0	0
8a5c2ce71723e14182a57e66d3d47eba	0	0	0	0	0	0	0	0	0	0	0	0	0	0	0	0	0	27	0	0
6fccfd872b46e650eb693b1d2e80a363	0	0	0	0	0	0	0	0	0	0	0	0	0	0	0	0	0	0	0	0
533fe19d12d48b6d4cbe84f697f5dbb7	0	0	0	0	0	0	0	0	0	0	0	0	0	0	0	0	0	0	0	0
695778d44cc054056d332438475032c0	0	0	0	0	0	0	0	0	0	0	0	16	0	0	0	39	83	42	22	0
dfe192ea71a39ee4f0df5a644e5505ab	0	0	0	0	0	0	0	0	0	0	0	0	0	0	0	0	0	0	0	0
c93ba574f146d12f703ff88d9fed1a1c	0	0	0	0	0	0	0	0	0	0	0	0	40	180	0	106	0	319	0	0
45153727c8b741a3111b4db67400a74c	0	57	0	0	0	0	0	0	0	0	35	0	0	0	0	0	0	0	0	0
218f40f443caf002f5ad5aa59ee08859	0	0	0	0	0	0	0	0	0	0	0	0	0	0	0	0	0	0	0	0
e6b72b65dc16016324c6d394019c912b	0	0	0	0	0	0	0	0	0	0	0	0	0	0	0	0	0	0	0	0
e166fcf6c1cdb35181e469cf487d6037	0	0	0	0	0	0	0	0	0	0	0	0	0	11	0	0	0	0	0	9
d3d02d55db40c7934df646a4d0325b82	0	0	0	0	0	0	0	0	0	0	0	0	0	0	0	0	0	0	3	0
15fceee5bfa7b4b1d6f2c0b0c4aa23ae	0	0	0	8	0	0	5	0	0	0	0	0	0	150	0	117	37	115	53	0
402303b2ceb0b39c39a406e12281aa27	0	0	0	0	0	0	0	0	0	0	0	0	0	0	0	0	0	84	0	0
1a014e7d6674702eac59d6d3f567e3e3	0	0	0	0	0	0	0	0	0	0	0	0	0	0	0	0	0	0	0	0
11a752a9dfbe00e9110cb9ca48733fa6	0	0	0	0	0	0	0	0	0	0	0	0	0	0	0	0	54	0	0	0
82edfabb1a0d27400eea1c831119efc0	0	0	0	0	0	0	0	0	0	0	0	0	0	0	0	0	0	0	0	0
b976117da944493c86e005654cc459b9	0	0	0	0	0	0	0	0	0	0	0	0	0	0	0	0	0	0	5	0
1cff266692eeb22c266d2d026b09ca0a	0	0	0	0	0	0	0	0	0	0	0	0	11	7	0	42	19	58	11	0
8634a67d3fc918d3322755bb24142164	0	0	53	0	0	0	12	0	0	0	0	195	0	0	43	29	1270	133	41	0
5360e119870fcd2ab705e1337e522f2d	0	0	0	0	0	0	0	0	0	0	0	0	0	0	0	0	0	0	0	0
46360d1c1559e9a975dd8d6cdecc8daf	0	0	0	0	0	0	0	0	0	0	4	0	0	0	0	0	0	0	0	0
2308b53db4f4caf13a0fb04c4a1b3baa	0	0	0	0	0	0	0	0	0	0	0	0	0	0	0	0	0	0	0	0
1279d3b58e227d2edde9455ab9970c99	0	37	0	0	0	0	0	0	0	0	36	0	0	0	0	0	0	563	0	0
17c4eca806c3f16af1f9471681f01db8	0	0	0	0	0	0	0	0	0	0	0	0	0	0	0	0	0	0	0	36
d650a2970ef576605ac639affadbd26a	0	0	0	0	0	0	0	0	0	0	0	0	0	33	0	0	0	0	0	0
b991ca5d9eb245dffef2523045b258c9	0	0	0	0	0	0	0	0	0	0	0	0	0	0	0	0	0	29	13	0
cdaa7d5625da67b4a93bb6345a87e279	0	0	0	0	0	0	0	0	0	0	0	0	42	57	0	47	0	134	0	0
0a2b656f994fc7cfd4dca36fb58085f7	0	0	0	0	0	0	0	0	0	0	0	0	0	0	0	0	0	370	0	0
a1b97046d3d7d7b1e7f0ffdb5c1eb030	0	0	0	0	0	0	0	0	0	0	0	0	0	0	0	0	0	0	0	31
043bec6eecff991a09d2b169b05b9f21	0	0	0	0	0	0	0	0	0	0	0	0	0	0	0	0	0	33	0	0
46d434895d548c95951c3b09df6f2b7c	0	0	0	0	0	0	0	0	0	0	0	0	0	0	0	0	0	0	0	16
0c2bf7abdec5609a6ddacef01857b604	0	0	0	0	0	0	0	0	0	0	0	0	5	21	0	0	0	0	0	109
bd48042ecebe902613673c8a5c3fb842	0	0	0	0	0	0	0	0	0	0	0	0	0	0	0	0	0	0	12	18
b05a5926f97371e7f5ed06b7c299b548	0	15	0	0	0	0	0	0	0	0	19	32	0	0	0	32	0	0	0	0
ad8b3b26d792ed3db4eaeac8a2954065	0	0	0	0	0	0	0	0	0	0	0	0	0	0	0	0	0	0	0	0
0004c7e00a48b7144735ee293197e141	0	32	0	0	0	0	0	0	0	0	19	0	0	0	0	137	0	0	56	0
882dcd6ab72c2682c19d3c65b61443d4	0	0	0	0	0	0	0	0	0	0	0	0	40	0	0	0	0	0	0	0
5b7aff44182cd9f4604f47aff8a08c28	0	0	0	0	0	0	0	0	0	0	0	0	0	0	0	0	0	0	0	0
48a22fc18cfbde5231d2ed1018e1d7f7	0	0	0	0	0	0	0	0	0	0	0	0	0	0	0	0	0	11	0	0
164e4fca30de95fedbb6f801f1b6425e	0	85	7	12	0	0	0	0	0	0	135	0	36	156	0	56	47	0	0	0
480eda44f02a8ddacda33c0b7f4f120f	0	0	0	0	0	0	0	0	0	0	0	0	0	0	0	0	0	18	0	0
002ec03878544c03bfc5de841ffd1037	0	0	0	0	0	0	71	0	0	0	0	33	17	39	0	58	443	45	0	0
19d5cad4e1675bda03747c35f4745f09	0	0	0	0	0	0	0	0	0	0	0	0	0	0	0	0	0	0	0	0
49c6bcfb2f462438b4f03ab42b0cf58f	0	0	0	0	0	0	0	0	0	0	0	0	0	0	0	0	0	0	44	0
7ea7694666ce4886401b8fa0da972334	0	96	9	0	0	0	0	0	0	0	102	0	124	120	0	0	0	0	0	0
c4d0b39c0a83bad6b96c37e76eda12be	0	84	0	14	0	0	0	0	0	0	112	0	0	301	0	34	0	62	208	0
20778cbf58b399d279896decea362f20	0	0	0	0	0	0	0	0	0	0	0	0	0	0	0	0	0	0	0	0
9476516f65cf170c1de18452b2feb370	0	0	0	0	0	0	0	0	0	0	0	0	20	0	0	91	0	10	31	0
477b52e21295c3eeff86fdd16acf747a	0	0	0	0	0	0	0	0	0	0	0	0	0	0	0	0	0	0	0	0
674f75da91268b8f66279edcede0e80e	0	0	0	0	0	0	0	0	0	0	0	0	0	0	0	0	0	8	0	0
3f2fa448ee31928a1acd85149d7bc88e	0	28	0	0	0	0	0	0	0	0	47	18	0	67	0	35	0	134	59	0
f89ccb1e61b2da41cef0463a32940457	0	10	0	0	0	0	0	0	0	0	0	0	0	0	0	0	0	0	0	0
160020b57a56698dadb2983e3c4c251c	0	0	0	0	0	0	0	0	0	0	0	0	111	0	0	0	0	87	0	0
6762f067004d6aaf03e131384f3d934c	0	0	0	0	0	0	16	0	0	0	0	0	0	0	0	0	48	0	0	30
900a4d57074b63634bf1444da93a8095	0	0	0	0	0	0	0	0	0	0	0	0	0	0	0	0	0	28	0	0
298b48890e13bac2605879d711608e22	0	0	0	0	0	0	0	0	0	0	0	0	0	0	0	0	30	34	0	0
4bd70e9335f891aaa8789b1d4ea09d2a	0	131	0	12	0	0	0	0	0	0	132	37	16	491	0	0	16	315	26	165
c8b1c7e5f4d17522ff01fdf3b6ccba45	0	0	0	0	0	0	0	0	0	0	0	0	0	0	0	0	0	0	0	0
67f83f289da4664c59f8616b68d9bd6b	0	0	0	0	0	0	0	0	0	0	25	0	0	164	0	245	218	213	118	0
60df5faef5f5e161cbd14e256780bb81	0	0	0	0	0	0	0	0	0	0	0	0	0	0	0	0	0	0	0	0
cb081bb5948f790018b39136283a3b98	0	0	0	0	0	0	279	0	0	0	0	32	0	0	0	0	689	0	198	0
27673a5c175855522dfdb545fbac5e0a	0	0	0	0	0	0	0	0	0	0	0	0	0	0	0	0	0	8	0	0
b55c2a1eccbdb44702f38b40132cfb06	0	0	0	0	0	0	0	0	0	0	0	0	0	35	0	0	0	0	0	0
46497afbe9482b43ba7b334447c59e3f	0	0	0	0	0	0	0	0	0	0	0	0	0	0	0	0	0	0	0	0
5b000b80aef4e5b5892c0e537cbf4b17	0	0	0	0	0	0	0	0	0	0	0	0	0	0	0	0	0	0	0	6
bbcb4ae5774e9fc65e46ea536cbd99b3	0	12	0	0	0	0	0	0	0	0	27	0	0	123	0	0	0	0	19	0
7d867f6fd4b9e6e297d86e1d9f89ffa9	0	0	0	0	0	0	0	0	0	0	0	0	0	0	0	0	0	0	11	12
76f150b419c87a2859975042233f76a8	0	0	0	0	0	0	0	0	0	0	0	0	0	0	0	0	0	0	62	0
7ba3585bcb673d5208c0faa6c7d36a6f	0	0	0	0	0	0	0	0	0	0	0	0	0	0	0	0	0	22	0	0
542dbb705c6f924a741ef25e0e3f4d4e	0	0	0	0	0	0	0	0	0	0	0	0	0	0	0	0	0	0	0	0
0ce0443eb9dbc8679558c978108b5208	0	0	0	0	0	0	0	0	0	0	0	0	0	0	0	0	0	0	0	35
72d98377c6cb0f243a35e841e5fc4c3f	0	0	0	0	0	0	0	0	0	0	0	0	0	0	0	0	0	0	0	0
5f8f100e97f5cc188cf92ef8f9e96e84	0	47	0	0	0	0	0	0	0	0	38	26	0	0	0	0	0	0	0	0
a980731e78fb0be141c07b71cd74131b	0	0	0	0	0	0	0	0	0	0	0	0	0	0	0	0	0	194	0	0
1ca3e15dd631a9b8ddfedd30ff1c2b52	0	0	0	0	0	0	0	0	0	0	0	0	0	485	0	0	35	0	0	1295
d582a7448037a55387ba0ce001f69a93	0	0	0	0	0	0	0	0	0	0	0	5	8	20	0	0	0	137	70	73
4e924b2ecf3e11ac4efdcb06d3025e64	0	0	0	0	0	0	0	0	0	0	0	0	0	108	0	0	0	0	0	0
fc67d1bb1565c3d9b5d2c52ad722ec1b	0	0	0	0	0	0	0	0	0	0	0	0	0	203	0	0	0	261	0	0
4c52a8029625903bb8c4aa9b40216836	0	0	0	0	0	0	0	0	0	0	0	0	0	0	0	0	7	5	0	4
93748089c423ec10e70acff1aa967138	0	0	0	0	0	0	0	0	0	19	0	96	0	0	0	104	0	474	169	0
b474b65e7bc286c6c5f27c0e68b50ffa	0	0	0	0	0	0	0	0	0	0	0	0	0	0	0	0	0	0	0	14
248a2becacea56afc5264495c5b8728b	0	0	0	0	0	0	0	0	0	0	0	0	0	0	0	0	107	0	0	0
b44871d2c185c51f96f4503e5b9de755	0	0	0	0	0	0	0	0	0	0	0	0	0	0	0	0	0	0	0	75
4fca75f2d02c86e7437c42bea6dde733	0	0	0	0	0	0	0	0	0	0	0	0	0	0	0	8	0	0	0	0
d2d415a05f25303836171e66fb665378	0	0	0	0	0	0	0	0	0	0	0	0	0	0	0	0	0	0	0	18
62942735704b96e2f8a82137a32f51ff	0	0	0	0	0	0	54	0	0	0	0	0	0	0	0	0	213	37	0	0
882f35fb01d15fbffd2ab8ac9d109bf9	0	0	0	0	0	0	0	0	0	0	0	0	0	0	0	0	0	0	0	0
3c2fef14c9fe722c3d539b2260be9c46	0	0	0	0	0	0	0	0	0	0	0	0	0	0	0	0	0	0	0	0
80e8dda2adc5a58a9c93b6d4d3dc6844	0	0	0	0	0	0	0	0	0	0	0	0	0	0	0	0	0	0	0	0
693e9aeedfcd68e23d1e09452b6c1d68	0	0	0	0	0	0	0	0	0	0	0	0	0	0	0	65	0	0	0	0
3b438a1a6b5974f5a268b4f6eacc844d	0	0	0	0	0	0	0	0	0	0	0	0	0	0	0	0	0	0	0	0
52bc4255e27db90c8800b3270a6e66ce	0	0	0	0	0	0	0	0	0	0	0	0	0	0	0	0	0	0	0	10
78a98ddd248db0e7e01fa3b4b65f4429	0	0	0	0	0	0	0	0	0	0	0	0	0	0	0	0	0	198	235	0
2b16fc35b0dfe211dfeb4087eed75541	0	6	0	0	0	0	0	0	0	0	0	0	0	0	0	0	0	0	0	0
3fd8be3f1ff17c4a8bc607afe1300871	0	0	0	0	0	0	0	0	0	0	0	0	0	0	0	0	0	0	0	0
a67d749cf07f46ba04324c64023e6434	0	20	0	0	0	0	12	0	0	0	17	38	0	67	0	0	52	134	18	137
3d69a135fd67e258fb44c06a7891618a	0	0	0	0	0	0	0	0	0	0	0	0	0	208	0	0	0	0	0	0
422f0b4406c66c0ad412c502174bb128	0	0	0	0	0	0	0	0	0	0	0	0	0	0	0	0	0	0	0	0
6f9ed3fe8a588353ce82a5866da83b7b	0	0	0	0	0	0	0	0	0	0	0	0	0	0	0	0	0	75	0	0
96e7fd97c61af46606a9035c747e7efa	0	0	0	0	0	0	0	0	0	0	0	22	17	0	0	0	0	75	208	10
5591aedddf0c9a6ed2e62a550a9986bc	0	0	0	0	0	0	0	0	0	0	0	0	0	21	0	0	0	0	0	0
344dfb6e3726295682713f0e5da2ea0b	0	0	0	0	0	0	0	0	0	0	0	0	0	0	0	0	0	0	0	0
8ad25d9ad476d1ed60e0d7321a667724	0	0	0	0	0	0	0	0	0	0	0	0	0	0	0	0	44	0	0	0
5a0eb5e157f2247bc5e90450f9b8f7b4	0	0	0	0	0	0	0	0	0	0	0	0	0	0	0	0	0	0	0	18
f6480a4a76fc4ed7440c07085c944c5d	0	0	0	0	0	0	0	0	0	0	0	0	0	9	0	0	0	0	0	0
d5c1fc6b83b71f48ee76922048f001cb	0	20	0	0	0	0	0	0	0	0	21	19	0	39	0	0	0	0	0	0
bb61023a3bd8f2e0f22e26d1c883b175	0	6	0	0	0	0	0	0	0	0	0	0	0	41	0	0	34	0	47	0
85113ca0cc98bb5f1fa38abd6ef031ef	0	0	0	0	0	0	0	0	0	0	0	0	0	0	0	0	0	0	0	0
30c0f126a7993b0ab908089f49c524bd	0	0	0	0	0	0	0	0	0	0	0	0	0	0	0	0	0	0	3	0
c057d0264620a1b5a08edce6b37775ae	0	24	19	0	0	0	0	0	0	0	0	96	0	90	0	425	0	107	0	0
94a6e8fe75360c2620a66f08aae12e6c	0	0	0	0	0	0	0	0	0	0	0	0	0	0	0	0	0	0	6	0
5e6d7d0c40fbebed2f3e52a52129d026	0	0	0	0	0	0	19	0	0	0	0	0	0	0	0	27	71	21	0	0
a93252995c732cfb7776702daa9385ed	0	0	0	0	0	0	0	0	0	0	5	0	0	0	0	0	0	0	0	0
b71e88af297d8162d21fa4ef9c74237b	0	0	0	0	0	0	34	0	0	0	0	0	0	0	0	0	997	0	175	0
b576dd97e73486e7039704edbc3173c3	0	0	0	0	0	0	0	0	0	0	0	0	0	0	0	0	0	0	0	11
d34cba1e34ea4c21b7b4c52017bb4fb3	0	0	0	0	0	0	0	0	0	0	0	0	0	0	0	0	0	0	0	208
271d17cad3fdf30ccf5e6b4d63ca0dbb	0	0	0	0	0	0	0	0	0	0	0	0	0	0	0	0	0	0	0	0
b89c04644d5d3bdad2018af3b2aada85	0	0	0	0	0	0	0	0	0	0	0	0	0	0	0	61	0	0	0	0
c0b49dfef812a0c809f312615d680549	0	0	0	0	0	0	0	0	0	0	0	0	7	0	0	0	0	46	0	0
9b095f4aaa97f24647dd8d2935a82a55	0	106	0	0	0	0	7	0	0	0	111	0	0	0	0	0	48	142	89	20
0801045fca5cfc214bb3d2adc8caaf8a	0	0	0	0	0	0	0	0	0	0	0	29	0	0	0	0	0	0	0	0
5197bda5a284fcb25f043e060d354a76	0	0	0	0	0	0	0	0	0	0	0	20	0	0	0	0	0	0	0	0
e07b747c1231b183f55fa496dbf2d727	0	0	0	0	0	0	0	0	0	0	0	0	0	0	0	0	0	0	0	0
dfcecd66b5e96671f38919f52c4d441e	0	0	0	0	0	0	0	0	0	0	0	0	0	0	0	6	0	0	0	0
b08743e2e152c9e6c117cf375bb04ac1	0	0	0	0	0	0	0	0	0	0	0	0	0	0	0	0	0	0	9	0
d10097fd7020d0460f12314c48c4f84e	0	0	0	0	0	0	0	0	0	0	0	0	0	0	0	0	44	21	9	0
1175758be44e7fb0b236d786c3b632d6	0	0	0	0	0	0	0	0	0	0	0	0	0	0	0	0	0	7	0	0
295eb9c03cf14b573bd8228499819e32	0	0	0	0	0	0	0	0	0	0	26	0	0	226	0	539	150	220	92	0
69d761c6b8621273f935b14680695e2e	0	0	0	0	0	0	0	0	0	0	0	0	0	6	0	9	0	14	0	0
bee2410e590adb5ca3f8483f74f2786f	0	0	0	0	0	0	0	0	0	0	19	40	0	0	0	0	0	78	0	0
96062183567aff3497b848cf9f480b35	0	0	0	0	0	0	0	0	0	0	0	0	0	0	0	0	5	0	0	0
5a69db35c4767ab50e20c5f41a6e430f	0	0	0	0	0	0	0	0	0	0	0	0	0	0	0	0	23	0	0	0
aa260c920f2e47fba3fdc32f43b6ce69	0	0	0	0	0	0	0	0	0	0	0	0	0	42	0	49	14	18	0	0
2690ed1811412ca8023b94b3bf12d68f	0	0	0	16	0	0	0	0	0	0	0	0	0	54	0	0	0	0	0	0
18ee316a6b1e456253437908a45763ca	0	0	0	0	0	0	0	0	0	0	0	0	0	0	0	0	0	0	0	0
55f8103901be7e02de4760ec39767080	0	109	0	16	0	0	0	0	0	0	134	0	0	219	0	0	0	0	0	0
e4b2d86ea043bd6637c74127c88019da	0	0	0	0	0	0	0	0	0	0	0	0	0	0	0	0	0	0	18	0
5a9dbb59a774f52d2adaaedc8b06a9df	0	0	0	0	0	0	0	0	0	0	0	0	0	0	0	0	0	30	0	0
a1b404ffc26f4a4699502552f757760a	0	0	0	0	0	0	0	0	0	0	0	0	0	0	0	0	0	0	0	0
6a283ec687d32d88a4e3eaaa398cb0ed	0	0	0	0	0	0	0	0	0	0	0	0	0	0	0	0	0	0	0	48
6b220ee20c62cfa9835afa744f5c129d	0	0	0	0	0	0	0	0	0	0	0	0	0	36	0	345	0	0	0	0
d203a5aac2540aa3cce4159018fda9ba	0	0	5	0	0	0	0	0	0	0	0	51	0	0	0	0	0	0	0	0
d2a2d5a4720dbdf10294aa3a56b96cf1	0	0	0	0	0	0	0	0	0	0	0	0	0	0	0	0	0	99	0	0
e1f76db59e229ae1654da2dab7be3075	0	0	0	0	0	0	0	0	0	0	0	18	7	0	0	24	42	86	0	115
6ee2d4713d52dde46ec2353fc4d0bca8	0	0	0	0	0	0	0	0	0	0	0	0	33	0	0	0	0	0	0	0
d04f0bbef34fa69d99cfbca519a218fb	0	0	0	0	0	0	0	0	0	0	8	0	17	176	0	25	117	0	19	0
e44a421344cd97be71b06292818dfeb4	0	0	0	0	0	0	0	0	0	0	0	0	0	0	0	0	0	113	0	0
d03f9a3e03990d49e7d563d11efb9348	0	0	0	0	0	0	0	0	0	0	0	0	0	0	0	0	0	0	0	0
68104d9f0589f3d3041b66b431b8491d	0	0	0	13	0	0	0	0	0	0	0	0	11	277	0	0	0	0	0	0
95ac40ae606574747d68442c3f3f9bc8	0	0	0	0	0	0	0	0	0	0	0	0	0	0	0	0	0	0	0	0
876c38d1c87b10e75ed5444ac77cd5ce	0	0	0	0	0	0	0	0	0	0	0	0	0	38	0	0	0	17	10	88
ca40a5c4dd333b6f129bd3f07a9b7878	0	0	0	0	0	0	0	0	0	0	0	0	0	0	0	0	0	0	0	0
6182df01c08e6fb3ff4411c93f6deca3	0	0	0	0	0	0	0	0	0	0	0	0	0	0	0	0	0	20	0	0
9a73e2e170eb7b9de6c433c72009c138	0	0	0	0	0	0	0	0	0	0	0	0	0	0	0	0	30	0	0	0
2a8c2f927b506881196bec9e29177927	0	0	0	38	0	0	0	0	0	0	0	0	0	395	0	0	0	0	0	0
72cad430ccaff247b5804e0abefce8a9	0	0	0	0	0	0	0	0	0	0	0	0	0	0	0	0	0	0	0	0
fbf3c5b21400f08273beb8d47cfa8950	0	49	0	0	0	0	31	0	0	0	48	0	88	204	0	209	757	0	160	2009
6a99cb981025400ae8cb89d30f56edb7	0	0	0	0	0	0	0	0	0	0	0	61	0	0	0	0	0	250	0	147
76619e2dafb804e415ab19e838f8e173	0	0	0	0	0	0	0	0	0	0	0	57	0	0	0	40	0	0	0	0
76e1157159a3771142902ff365dee2e6	0	7	0	0	0	0	0	0	0	0	20	0	0	0	0	0	62	0	21	0
1960a1682dd09eab840bb695efa73023	0	0	0	0	0	0	0	0	0	0	0	7	0	0	0	0	0	61	31	0
943f9002dd6931171e806448807ae8b1	0	27	0	0	0	0	0	0	0	0	31	0	0	0	0	0	0	0	73	0
ab37861a579863cd2498da8b71927083	28	52	84	16	0	0	9	0	0	0	10	267	0	444	0	418	374	25	0	262
d794940a09690d228e72659ac3f5115f	0	0	0	0	0	0	0	0	0	0	0	0	0	0	0	0	0	0	0	8
3d8167623173d19412d631d0dad05df6	0	0	0	0	0	0	0	0	0	0	0	0	0	0	0	0	0	0	0	0
24d821dddfbe031b81a44817e6d6a4c1	0	0	0	0	0	0	0	0	0	0	0	0	0	0	0	0	0	4	0	0
f6b20ec85abf487ed8e4fa371adb4694	0	0	0	0	0	0	0	0	0	0	0	0	0	166	0	71	0	0	6	0
11f6a46503a6701d323c2c62a64db625	0	0	0	0	0	0	0	0	0	0	0	0	0	0	0	0	0	10	0	0
4635d14748a18568c13f9265ac715765	0	0	0	0	0	0	0	0	0	0	0	0	0	0	0	0	0	0	0	0
3aaf2a34ac2801eccdbc5098254ecf22	0	0	0	0	0	0	0	0	0	0	0	0	0	11	0	0	0	0	0	0
e4d20a3288a79d76b62ed2da0090d0b8	0	0	0	0	0	0	21	0	0	0	0	0	0	0	0	0	0	0	0	0
c790551f37a1be94d3999a590ab768d9	0	0	0	0	0	0	0	0	0	0	0	0	0	0	0	0	0	44	0	0
47defe127d80eb1237b51179fba59a97	0	9	0	0	0	0	24	0	0	0	7	59	32	0	0	39	229	60	0	0
8a573680a1bdcad765a979c0819b7fab	0	0	3551	0	24	11	22	8022	19	0	0	175	55	0	0	0	9	978	0	0
7cd4efa29b942711d9a324e442bd9268	0	0	0	0	0	0	0	0	0	0	0	0	0	0	379	0	0	0	0	140
4b7cb404fec4c215f8d9180c1c55a1a8	0	39	24	0	0	4	0	0	0	0	25	343	11	0	7	1288	0	0	442	0
7af04eb32c1af297a552003bfddfd332	0	0	0	0	0	0	0	0	0	0	0	0	0	0	0	0	0	0	3	0
2a4cdb0ae582b4dfb292ecb09ce35fc8	0	0	0	0	0	0	0	0	0	0	0	0	0	0	0	0	0	74	55	0
2bfd96a79198d308efca4ae8f92d0c54	0	0	0	0	0	0	0	0	0	0	0	0	0	0	0	0	0	0	0	0
cc20a9b7a82b732d3680f7243d78b87a	0	0	0	31	0	0	30	0	0	0	0	0	24	364	0	0	93	0	164	0
ab844d423261199ca27e47229e3242e4	0	0	0	0	0	0	0	0	0	0	0	0	0	0	0	0	0	0	91	71
d08982a97786631332bddb0acc34c414	0	12	0	0	0	0	0	0	0	0	13	37	38	289	0	26	0	214	184	0
dca07275b4dbd6b42bba6b48639cf14f	0	0	0	0	0	0	0	0	0	0	0	6	12	0	21	0	0	0	0	0
ae29d7222cca9d09ba6176b1aafc8686	0	0	6	0	0	0	38	0	0	0	0	87	0	0	0	242	789	666	53	0
72b7d842cbd5401508dc06b4f09a23b0	0	0	0	0	0	0	0	0	0	0	0	0	0	0	0	0	29	0	0	0
ae6344187080215b3f07eaf7dd5e52ea	0	0	0	0	0	0	0	0	0	0	0	0	0	0	0	0	0	0	0	0
7574db134eda8adfc4b6e36c8da5259c	0	0	0	0	0	0	0	0	0	0	0	0	0	0	0	0	0	0	0	0
967cca821ac9bf633615d480078d6e22	0	17	0	0	0	0	0	0	0	0	23	0	0	0	0	0	0	0	0	0
b587fe14b9d8d45fbcc2e6cfb9383a93	0	0	0	0	0	0	39	0	0	0	11	0	73	0	7	188	370	544	727	0
f639fad30f7322ef62caf4def8948fef	0	0	0	0	0	0	0	0	0	0	0	0	0	0	0	0	0	0	0	0
90b519ebfedff7c256b2da8078860c97	0	0	0	0	0	0	0	0	0	0	0	0	0	0	0	0	0	0	0	0
6851a7af202535e8a9e44f37a660d507	0	0	0	0	0	0	0	0	0	0	0	0	0	0	0	0	0	0	0	48
614a173f62f27842173adb6913bb3db5	0	0	0	0	0	0	15	0	0	0	0	0	0	0	0	0	84	0	0	0
a697c3676e46969a8a839e7b131ae01a	0	0	0	0	0	0	0	0	0	0	0	0	0	0	0	0	0	0	0	0
8143733af89ff04fee2f8060b52d4165	0	0	0	0	0	0	0	0	0	0	0	0	0	0	0	0	0	0	0	0
bac1514e13095c7f47401552ef98d03b	0	0	0	0	0	0	0	0	0	0	0	0	0	0	0	0	0	293	0	0
fc60f6ce9ac1596b1211e077afdecf9d	0	0	0	14	0	0	0	0	0	0	0	0	0	57	0	0	0	0	0	0
1c6681e0e62fd2d6f97f4c8b8e8649b0	0	0	0	0	0	0	0	0	0	0	0	0	0	0	0	0	0	0	0	0
2129bce51166899da14994b02fa01438	0	0	0	0	0	0	0	0	0	0	0	0	0	186	0	0	0	0	0	0
9a022053a09086527f5bc445a078a0bf	0	0	0	0	0	0	0	0	0	0	0	0	0	0	0	0	0	0	0	0
5cfcf671482c2e12e00e5f939f8cb7bf	0	0	0	0	0	0	0	0	0	0	0	0	14	0	0	0	0	0	0	33
ab0773c106ee6148dfd097a7620fe434	0	0	0	0	0	0	0	0	0	0	0	0	0	0	0	0	0	0	0	0
03e7cecfb87da524a7f9d4d2c4cb161e	0	0	0	0	0	0	0	0	0	0	9	6	0	12	0	0	0	53	0	0
51d23bc90498cef5184fbbfac0f5b34e	0	15	0	0	0	0	0	0	0	0	16	0	0	0	0	0	0	474	0	0
1d2ca9df1ba578e7a7f78b9ea2a09114	0	0	0	0	0	0	13	0	0	0	0	0	0	0	0	0	143	0	27	29
e6be02669fa2b49a9cfd8e1c67426663	0	0	0	0	0	0	0	0	0	0	0	33	53	15	0	0	0	80	0	24
ffc36e27c82042664a16bcd4d380b286	0	0	0	40	127	0	0	0	0	0	0	0	0	34	3423	31	0	0	0	0
f3a93eb61dcac2de3c661ca0e785c6cc	0	0	0	0	0	0	0	0	0	0	0	0	0	0	0	0	0	0	0	0
f4395934ffbb17383246ff9fdd3f0ec1	0	0	0	0	0	0	0	0	0	0	0	0	0	21	0	0	0	0	0	0
2e96a8741137c48772f1bc28343e1189	0	0	0	0	0	0	80	0	0	0	0	0	89	0	0	0	177	0	0	0
cdcb1067efbd7798c7d8112ff0c4d32d	0	0	0	0	0	0	0	0	0	0	0	0	0	0	0	0	0	0	14	0
628e82bb3169e21475883f81dce2b8ef	0	0	0	0	0	0	0	0	0	0	0	0	0	0	0	77	0	0	0	0
0a1f5ed70dcb37a86924dbd5fde981af	0	0	0	0	0	0	0	0	0	0	0	0	0	0	0	0	0	0	0	0
ef8b9af0a0ffbe08f75534e550629673	0	0	0	9	0	0	0	0	0	0	0	0	0	29	0	0	0	120	23	0
849b0fcd2b54caa0b8bb7ea1d0f17e33	0	0	0	0	0	0	0	0	0	0	0	0	0	0	0	0	0	0	80	0
1928e2deabf0f50bc5e216e235cc487b	0	0	0	0	0	0	0	0	0	0	0	0	0	86	0	0	0	0	0	23
8e24946ddc48090be903cea5e84b58bf	0	0	0	7	0	0	0	0	0	0	0	0	0	0	0	0	0	0	0	0
2936cf14ae9d93a8467b905767a79744	0	0	0	0	0	0	0	0	0	0	0	0	6	0	0	20	0	61	20	0
6f89433831e84d2ff3d523e2c0e78521	0	0	0	0	0	0	0	0	0	0	0	0	0	0	0	23	0	0	0	0
2c7ecd760a0fc563708fb905aec94e2b	0	40	0	0	0	0	0	0	0	0	62	0	0	0	0	0	90	0	0	0
895d621b123443fb8c42d1e0aa7d03de	0	0	0	0	0	0	0	0	0	0	0	0	0	0	0	0	0	395	0	0
d5ffad6454efa123e62945a3c3acc4b5	0	0	0	0	0	0	0	0	0	0	2	0	0	0	0	0	8	30	12	0
2695cf85684078bae98b3eec737cfd15	0	0	0	0	0	0	0	0	0	0	0	5	0	0	0	0	0	0	0	0
cc825e84cd65058f3b1a968d4563e9ee	0	0	0	0	0	0	0	0	0	0	0	0	0	0	0	0	0	0	0	0
7377b2f21009a962b2be1d94b7df7671	0	9	0	0	0	0	0	0	0	0	22	0	0	0	0	7	0	0	6	0
59c6e1e94a0af7426c52f4f561dbfd30	0	0	0	0	0	0	0	0	0	0	6	0	0	0	0	69	0	18	0	0
a7773d30c5a2009a19ba2df73fe658c1	0	0	0	0	0	0	0	0	0	0	0	0	0	0	0	0	0	0	0	0
19becc717e5990c5e35440921c4334f2	0	0	0	0	0	0	0	0	0	0	0	0	0	0	0	0	0	0	0	34
056d643688f70a254e0add5cd10c475d	0	0	0	0	0	0	0	0	0	0	0	0	0	0	0	0	0	0	0	0
139e0992e7c04422196a8681b7d18993	0	0	0	0	0	0	0	0	0	0	0	0	0	0	0	0	0	0	56	0
e250da3c1b7286692945c64e82bb845e	0	0	0	0	0	0	0	0	0	0	0	0	0	0	0	161	38	18	39	0
38264b0f2457ce7324f16582ce60853f	0	0	0	0	0	0	0	0	0	0	0	0	0	0	0	0	0	0	0	0
66fbeb692ddf0262abe66c26eddcca10	0	0	0	0	0	0	0	0	0	0	0	0	0	0	0	0	0	0	0	0
970d93b4b6cce9a2f478426b3dcc0758	0	0	0	0	0	0	0	0	0	0	0	0	0	0	0	0	27	23	0	67
412292dba0332df0eae4cdf0b09eb6db	0	108	0	0	0	0	0	0	0	0	128	0	0	0	0	0	16	1802	19	0
e4ae55ea2f66be4ca84cffbba9af94c3	0	0	0	0	0	0	0	0	0	0	0	0	0	0	0	0	0	0	0	11
5ec45fa9e477461df1ecace9f8a3675a	0	0	0	0	0	0	0	0	0	0	3	0	0	0	0	0	0	0	0	0
9a3ce3ec8a5f99330f5c7deb144226f6	0	5	0	0	0	0	0	0	0	0	0	0	3	0	0	0	28	0	0	0
33a0f7c122696ae451dec48092073e2e	0	0	0	14	0	0	0	0	0	0	0	15	20	58	0	23	43	109	0	159
2c2f8fdd3125eb07934f90a98a3c264d	0	0	0	0	0	0	0	0	0	0	0	0	0	0	0	0	0	608	0	253
b65f9b10da2a6b3f92473000dd0d0271	0	0	0	0	0	0	0	0	0	0	0	0	0	0	0	56	0	179	0	0
e34995e8c6e90e6b3e30b9d918a63e74	0	0	0	0	0	0	0	0	0	0	0	0	0	0	0	0	0	0	0	0
0102b223fb5b48af94a06c1702a7391e	0	0	0	0	0	0	0	0	0	0	0	0	0	0	0	0	0	41	0	0
7e22c38418cd34a03ebac8f38110a3e0	0	0	0	0	0	0	0	0	0	0	0	0	0	0	0	0	7	0	0	28
2830936fa78b8eb81392f0ec13b0265e	0	0	0	0	0	0	0	0	0	0	0	0	31	0	0	0	0	0	0	0
58b29f5e5f3c41bda0727deba1fa9857	0	0	0	0	0	0	0	0	0	0	0	0	0	0	0	0	16	0	0	25
75dadf9c1ca2e7b81be34723efc72fa0	0	0	0	0	0	0	0	0	0	0	0	0	0	0	0	0	0	0	0	0
c5016c0c3edd1e05332583f8ca603d54	0	0	0	0	0	0	25	0	0	0	0	161	0	0	0	292	377	0	0	0
4776021feabb4cf01824583c5e228c31	0	0	0	0	0	0	0	0	0	0	0	0	0	0	0	0	0	9	0	0
3bb59198397312546c19b58d2b460f27	0	0	0	0	0	0	0	0	0	0	0	0	0	0	0	0	0	0	7	0
fb6e980f3086701bceb57a00ccd6d563	0	0	0	0	0	0	0	0	0	0	0	0	0	0	0	0	0	0	0	0
abc0a526db6aa6eeb1648544d0c09d90	0	0	0	0	0	0	0	0	0	0	0	0	0	0	0	0	0	0	5	0
af52b45884fee0ff5a7da4be68de8eab	0	0	0	0	0	0	0	0	0	0	0	0	0	0	0	0	0	236	0	0
59b037152717a379feffa4bd5773898d	0	0	0	0	0	0	81	0	0	0	0	12	0	0	0	0	239	0	0	0
bf3c48a294878a84b1a6e5c9f7a4661e	0	0	0	0	0	0	0	0	0	0	0	0	0	0	0	0	0	0	0	7
23a1670a964403bef83e79450ec13945	0	0	0	0	0	0	0	0	0	0	0	0	0	105	0	0	0	0	0	0
5065189db171e1318f5ad9079ee48048	0	0	0	0	0	0	0	0	0	0	0	0	0	0	0	0	0	0	0	0
1fb40c919d9796da1b9e64871d0f316e	0	0	0	0	0	0	0	0	0	0	0	0	0	9	0	0	0	0	0	0
c72d3beda33df7296a1c06fcb63844d1	0	0	0	0	0	0	0	0	0	0	0	0	0	0	0	0	0	0	23	0
2f90fcbe20354a554ac520de1c145c4d	0	0	0	0	0	0	0	0	0	0	0	0	0	0	0	0	4	0	0	6
fa14c79a2302720c8a2a8eebf4e79872	0	0	0	0	0	0	0	0	0	0	0	0	0	0	0	0	0	0	0	0
a1412a2979b69115777a6ce36230ae76	0	0	0	0	0	0	0	0	0	0	0	0	0	0	0	0	25	0	0	0
767550ef24c003ce8b34342d112c377f	0	0	0	0	0	0	0	0	0	0	0	0	0	0	0	0	0	0	54	59
61a006b2f6a3fa889e62f7ba1d1c8943	0	0	0	0	0	0	0	0	0	0	0	0	0	0	0	0	0	5	0	0
e7b1749156009940185d5d4e01ebf008	0	0	0	0	0	0	0	0	0	0	0	0	0	11	0	0	0	0	0	0
c88200d10dc7fcb9541472d5308c424e	0	0	0	0	0	0	0	0	0	0	0	0	0	0	0	0	0	0	0	0
181083a73332b4b63d07abf09ae25214	0	27	20	17	0	0	0	0	0	0	18	72	391	132	0	0	0	619	0	0
c96f65b64f9de89589d1088e17459c96	0	25	0	0	0	0	0	0	0	0	15	37	0	0	0	0	0	0	0	0
51d3db30ce513301ee6a6f030f831b18	0	0	0	0	0	0	0	0	0	0	0	0	0	0	0	0	0	20	18	0
3d5b21ec3c1f0646ee21d64a7dca127b	0	92	20	0	0	0	52	0	0	0	97	296	104	12	0	0	993	1130	343	429
1cf9b383f958f0d0f3194a2bd36e2a28	0	0	0	0	0	0	0	0	0	0	0	0	0	0	0	0	0	0	0	0
e5ce7ab8a6a0d4696470494317b88a45	12	71	0	0	0	0	0	0	0	0	78	0	96	44	0	17	0	306	0	0
df38d15320e9129650c153312e8d6c73	0	8	0	4	0	0	0	0	0	0	9	0	19	0	0	101	0	278	0	0
16de604c828c1720af35409ce302ae71	0	0	0	0	0	0	0	0	0	0	0	0	8	0	0	0	0	150	0	36
2518dd0247fda735506786c22ad01b90	0	0	0	0	0	0	0	0	0	0	0	0	0	0	0	0	0	13	0	0
a718d69a004061291d499b270b0ca6ed	0	0	0	0	0	0	0	0	0	0	0	0	0	0	0	0	0	90	0	0
62d9490b52985c30d4a6daed85778184	0	0	0	12	0	0	0	0	0	0	0	0	0	75	0	0	0	0	0	0
ddfd7f6022f81a9d3be0fc3f358885ac	0	0	0	0	0	0	0	0	0	0	0	0	0	59	0	0	0	0	0	0
ceb3ae3fe61549c4b7a5c225746f21e5	0	0	0	0	0	0	0	0	0	0	0	0	0	0	0	0	0	0	0	0
9388bbd7fed28eaaedeb7562b1d54cff	0	0	0	0	0	0	0	0	0	0	0	0	0	12	0	0	0	14	0	0
de6c0e70f2a0447dbde5bf28b7262afe	0	0	0	26	0	0	0	0	0	0	0	0	0	383	0	0	0	0	0	0
5c951b10ce0ad37bc82cefbf1652aae4	0	0	0	0	0	0	0	0	0	0	0	20	0	37	0	0	20	0	0	0
27907d47e5be2a5285313f0bb81add58	0	0	0	16	0	0	0	0	0	0	0	0	0	304	0	7	9	0	0	52
a058a8e4f4e252cdff89b02b24043a46	0	0	0	0	0	0	0	0	0	0	0	0	0	0	0	0	0	0	0	0
83f8c5b018b219313a0a3709fb3531c4	0	0	0	0	0	0	0	0	0	0	0	0	0	0	0	0	0	0	0	0
0dde7d59cbf754200c224c0f0ac16a18	0	0	0	0	0	0	0	0	0	0	0	0	0	0	0	5	0	0	0	0
13d745858f32097441203632ba2ce081	0	0	0	0	0	0	0	0	0	0	0	0	0	0	0	0	0	66	0	0
fdc75e64f22fd8d36d77007c78e737b9	0	0	0	0	0	0	0	0	0	0	0	104	0	0	0	0	0	0	0	0
9980b0b87fd0bdceca7b39250ed225b0	0	0	0	0	0	0	0	0	0	0	0	0	0	0	0	0	0	0	23	0
887ac614ae5f58429930ed5b8d71e2d2	0	0	0	0	0	0	0	0	0	0	0	0	0	0	0	0	0	0	0	0
6c2a9a5a94270ee454cfb2dea1d31449	0	0	0	408	2231	393	906	0	2814	3331	0	0	29	0	7265	44	151	0	151	401
85b9728e92eb1c0c69a65ceaea75b218	0	9	0	0	0	0	0	0	0	0	8	0	0	138	0	0	0	0	0	0
53e2c012738fc8ae4ab002b8b7f6f542	0	0	0	0	0	0	0	0	0	0	0	0	0	0	0	0	0	2	0	0
a98c245075483cdbe073b6044073b839	0	0	0	0	0	0	0	0	0	0	0	0	0	0	0	0	0	0	12	0
572eb409c8150a31dfd52ebfa72d8e15	0	0	0	0	0	0	0	0	0	0	0	0	0	0	0	0	20	0	0	0
784446909b32642a6f739cb5aae1740b	0	0	0	0	0	0	0	0	0	0	0	0	0	0	0	0	0	0	0	0
6c029f41c973b28f9573eb2977583452	0	0	0	0	0	0	0	0	0	0	0	0	0	0	0	0	0	41	0	0
50ae8d531ea73efde977503c1c4dec36	0	0	0	0	0	0	0	0	0	0	0	0	0	0	0	0	7	0	0	0
a9a414f82585da51208a2a15438a2132	0	0	0	0	0	0	0	0	0	0	0	0	0	0	0	0	0	0	0	0
e2e53e45a5fad1bae2a096656f857bde	0	0	0	0	0	0	0	0	0	0	0	0	0	52	0	0	145	0	0	0
5b7f2e9486e9d50b02d15ac5331c2f15	0	0	0	0	0	0	0	0	0	0	0	0	0	0	0	0	0	1	0	0
b0deaa12bcd07cbdb6ce97bbaa04afc7	0	0	0	0	0	0	0	0	0	0	0	0	0	0	0	0	9	0	0	0
29528929169afb5eebb33bb246161661	0	0	0	0	0	0	0	0	0	0	0	0	0	0	0	198	0	694	0	0
f5d8eb639f8a98615fe8c0aed5389a5a	0	0	0	0	0	0	0	0	0	0	0	0	0	0	0	0	0	19	0	0
1723b9efe361f6d6916b068af3fb9337	0	0	0	0	0	0	0	0	0	0	0	0	0	0	0	0	0	0	0	264
e380e9f1890ff71f063a901382aecd43	0	0	0	0	0	0	0	0	0	0	0	0	0	43	0	39	0	128	14	0
15dbbce5bbdff249bd805fe8eae0dce8	0	0	0	0	0	0	0	0	0	0	0	0	0	0	0	0	0	0	0	0
70a730a7da66927327cba65aaf02bdcf	0	0	0	0	0	0	0	0	0	0	0	0	0	0	0	0	0	0	0	0
60c596979e50a9817826428c7b77f205	0	0	0	84	0	0	0	0	0	0	0	0	0	2095	0	254	0	0	0	437
0f4013b00115275df5e0ab6306716e8e	13	375	38	149	0	0	204	0	0	0	276	514	352	2578	26	628	3669	2338	718	2116
47a1a4e3e3e85cd51a01e574170da636	0	0	0	0	0	0	0	0	0	0	0	0	0	0	0	0	16	0	0	0
278da45a3ab39de7e96de3d503ebe387	0	0	0	0	0	0	0	0	0	0	0	0	0	53	0	0	0	0	0	0
9209813351d325a5d83671ed8bc3baa6	0	0	0	0	0	0	0	0	0	0	0	0	0	0	0	0	0	0	0	0
eb8e2a47268b1f21a1c437143b001120	0	0	0	0	0	0	0	0	0	0	0	0	0	0	0	0	0	0	0	0
9065d0548322bbc1fc1f5fb0622d2f41	0	0	0	0	0	0	0	0	0	0	0	0	0	0	0	0	0	327	0	0
18a08f5e04638357b931e2ec25b0e17c	0	12	0	0	0	0	0	0	0	0	12	0	0	0	0	0	45	0	0	0
fd9191c576347f647c7aad7d1b99b7f2	0	0	0	0	0	0	0	0	0	0	0	0	0	0	0	95	0	0	0	0
cf4663e568af044475d71cf41455b4d6	0	8	0	0	0	0	0	0	0	0	0	0	0	0	0	0	0	0	0	0
a807b4be9810b26d1093290e0130f620	0	0	0	0	0	0	0	0	0	0	0	0	0	0	0	0	0	0	0	17
b25463b96a9b165ca1573772bfbb070d	0	0	0	0	0	0	0	0	0	0	0	0	0	0	0	0	0	0	0	0
296c6e207187503f0937c12be3592e06	0	0	0	0	0	0	0	0	0	0	0	0	0	7	0	0	0	0	0	0